date,tas,pre,etp,qmmobs,snt,rt,mt,spt,Wi,Yi,Swi,eti,Rgi,Roi,Sgi,Qgi,Qbi,Qmmsim
1985-07-01,22.5613,21.4198,115.249,13.1280774179448,0,21.4198,0,0,21.4198,21.402869491665967,16.696432131785702,4.706437359880265,0.0056512777552062445,0.011279230578824958,0.005013664686672425,6.376130685338203e-4,6.376130685338203e-4,0.011916843647358778
1985-08-01,20.8466,7.9095,106.8536,9.50908561215411,0,7.9095,0,0,24.605932131785703,24.583434200816868,19.52767405436155,5.055760146455317,0.0075096420210127544,0.014988288947823034,0.011110347663029993,0.0014129590446551863,0.0014129590446551863,0.016401247992478222
1985-09-01,19.1902,12.254,77.859,9.50293086418508,0,12.254,0,0,31.781674054361552,31.743541001421164,26.840837239445705,4.902703761975459,0.012728529443321623,0.025404523497066647,0.02114922350223023,0.0026896536041213863,0.0026896536041213863,0.02809417710118803
1985-10-01,12.6963,8.824,43.4007,15.3376319388272,0,8.824,0,0,35.6648372394457,35.61639785654532,32.43666939664162,3.1797284599037,0.016168705726963592,0.03227067717341993,0.033107483309201026,0.0042104459199928035,0.0042104459199928035,0.03648112309341273
1985-11-01,5.6227,83.7713,16.2132,15.3400938380148,0,83.7713,0,0,116.20796939664162,115.58080924643,111.61271066834006,3.9680985780899363,0.20934139341336908,0.4178187567982536,0.21509425376013636,0.02735462296243376,0.02735462296243376,0.4451733797606873
1985-12-01,3.9448,109.7109,11.645,24.8811841396079,0,109.7109,0,0,221.32361066834005,218.15738623940078,212.75153448432073,5.40585175508005,1.0568621644566227,2.1093622644826504,1.1284462122083347,0.14351020600842454,0.14351020600842454,2.252872470491075
1986-01-01,1.8405,92.9821,12.5071,32.3425851024651,3.645189735043833,89.33691026495617,0,3.645189735043833,302.0884447492769,293.79560443475555,285.98373434386644,7.8118700908891014,2.7680884160300563,5.5247518984913,3.456902830160419,0.43963179807797254,0.43963179807797254,5.964383696569273
1986-02-01,1.7117,183.5107,17.611,0,12.781491169357711,170.7292088306423,3.114934775942139,13.311746128459404,459.8278779504509,409.5339195341032,394.2845521163285,15.249367417774693,16.787749240125677,33.50620917622204,17.960521774966082,2.284130295320016,2.284130295320016,35.79033947154206
1986-03-01,5.9479,46.0077,38.5004,59.0652698344074,0,46.0077,12.640268128810215,0.6714779996491895,452.9325202451387,406.2507271764126,373.9091050127549,32.341622163657746,15.58203531385748,31.09975775486857,29.758072645075835,3.7844844437477327,3.7844844437477327,34.884242198616306
1986-04-01,4.9264,115.8892,44.2955,54.5015242153703,0,115.8892,0.6277516403403974,0.043726359308792095,490.42605665309526,421.7328917290811,383.3419903343838,38.390901394697266,22.929267521724945,45.76389740228924,46.74281963678606,5.944520530014725,5.944520530014725,51.708417932303966
1986-05-01,14.9325,44.1364,87.8888,47.0727434167489,0,44.1364,0.043493019102820205,2.3334020597189087e-4,427.5218833534866,392.3896895436282,324.69270783666644,67.69698170696176,11.726864985510678,23.405328824347713,51.87276324573156,6.596921376565178,6.596921376565178,30.00225020091289
1986-06-01,18.1656,61.8386,106.9735,30.0505569587977,0,61.8386,2.3278534409301688e-4,5.548618788739834e-7,386.53154062201054,364.65319097657243,289.5848138394453,75.06837713712713,7.302830383619652,14.575519261818455,52.4990271127681,6.676566516583117,6.676566516583117,21.25208577840157
1986-07-01,21.2393,20.3313,113.3934,25.478194692604,0,20.3313,5.542500401624178e-7,6.11838711565592e-10,309.91611439369535,300.8450478171312,235.63021715702095,65.21483066011027,3.0278545539645862,6.043212022599549,49.261986020252884,6.264895646479803,6.264895646479803,12.308107669079352
1986-08-01,20.1994,15.2353,102.1215,20.2183470782694,0,15.2353,6.109637244412239e-10,8.749871243681391e-13,250.86551715763193,246.30776896222602,197.6579587044543,48.64981025777172,1.5213424477489368,3.03640574765697,45.05363063727437,5.729697830727457,5.729697830727457,8.766103578384428
1986-09-01,17.4632,64.6952,62.0919,21.2308031191752,0,64.6952,8.725070553235909e-13,2.480069044548136e-15,262.35315870445515,257.1265940328483,224.92737048529705,32.19922354755124,1.7445884129437665,3.4819762586630993,41.518146588191634,5.280072462026508,5.280072462026508,8.762048720689608
1986-10-01,11.8558,51.2844,35.3037,21.8462779160783,0,51.2844,2.451507675690786e-15,2.856136885734993e-17,276.21177048529705,270.0617546251847,250.280145870283,19.78160875490167,2.052829551169377,4.097186308942999,38.65502173070747,4.915954408653544,4.915954408653544,9.013140717596542
1986-11-01,5.3712,39.1061,19.3278,17.8580012321457,0,39.1061,2.6897212859243657e-17,1.6641559981062753e-18,289.386245870283,282.22095516943006,270.7089317760255,11.512023393404547,2.3917207415398924,4.773569959313058,36.415588146672725,4.631154325574638,4.631154325574638,9.404724284887696
1986-12-01,2.0982,56.8851,11.2891,18.5251759119888,0,56.8851,1.444373881507729e-18,2.1978211659854627e-19,327.59403177602553,316.4908136565159,308.88508226514745,7.605731391368465,3.706171624147997,7.397046495361623,35.594967871611345,4.526791899209378,4.526791899209378,11.923838394571002
1987-01-01,1.5491,142.9896,12.6376,36.7567703458547,15.25877080364293,127.73082919635706,1.864845798070852e-19,15.25877080364293,436.61591146150454,397.666324904193,386.983755259033,10.682569645160015,13.001082291390647,25.94850426592089,43.11313497014853,5.4829151928534685,5.4829151928534685,31.431419458774357
1987-02-01,3.0399,103.1336,20.2349,52.1762604326701,0,103.1336,13.666313473367453,1.5924573302754776,503.78366873240043,425.95384933202405,407.78103529772216,18.172814034301894,25.979014828808733,51.85080457156765,61.2967343985504,7.795415400406869,7.795415400406869,59.64621997197452
1987-03-01,7.0215,24.3988,43.9522,33.2873389157115,0,24.3988,1.531039741418701,0.06141758885677673,433.7108750391409,396.01843849305254,360.2347310003388,35.783707492713745,12.58145496814587,25.110981577942475,65.5427825683973,8.335406798298967,8.335406798298967,33.446388376241444
1987-04-01,10.8344,107.7213,62.4539,64.2968056080844,0,107.7213,0.060504502358830106,9.130864979466219e-4,468.0165355026976,413.17023541008126,361.1483062325656,52.02192917751569,18.307287031999497,36.53901306061683,74.38957190579495,9.460497694601852,9.460497694601852,45.99951075521868
1987-05-01,13.3006,63.22,81.3602,29.959466688856,0,63.22,9.057590902003436e-4,7.3274077462782625e-6,424.3692119916558,390.48040997408765,327.6902854397983,62.79012453428936,11.311830053414058,22.576971964154083,76.03202518321876,9.669376775990258,9.669376775990258,32.24634874014434
1987-06-01,18.0613,36.6054,103.8353,25.4357269316177,0,36.6054,7.309523501920065e-6,1.7884244358197834e-8,364.2956927493218,347.3794510242417,277.7388104084346,69.64064061580711,5.646515667251363,11.26972605782875,72.46304882885518,9.215492021614962,9.215492021614962,20.48521807944371
1987-07-01,20.4325,83.2907,102.7641,24.5728312663594,0,83.2907,1.786011614068144e-8,2.41282175163951e-11,361.0295104262947,344.73819733321807,276.26398124014287,68.4742160930752,5.4379191380181515,10.85339395505846,69.11168572333932,8.789282243534002,8.789282243534002,19.64267619859246
1987-08-01,21.8804,10.8924,101.4173,22.376201716212,0,10.8924,2.4105551955185357e-11,2.266556120974426e-14,287.156381240167,280.173307646505,225.1759132716851,54.99739437481992,2.330898026464259,4.652175567197712,63.38197745475266,8.060606295050924,8.060606295050924,12.712781862248637
1987-09-01,19.0337,13.792,72.8552,15.1468347517872,0,13.792,2.262217984250344e-14,4.338136724082101e-17,238.96791327168512,235.02267229832438,200.87825662430123,34.14441567402315,1.3168920927711518,2.628348880589588,57.399131943074664,7.29973760444915,7.29973760444915,9.928086485038737
1987-10-01,10.2577,177.8134,29.4122,15.6607562072014,0,177.8134,4.2636394042388746e-17,7.449731984322626e-19,378.69165662430123,358.7135176477451,336.68536324305063,22.028154404694476,6.6685541958413355,13.30958478071479,56.83916265760906,7.2285234813069446,7.2285234813069446,20.538108262021733
1987-11-01,5.1963,48.3026,15.9611,17.0978898579703,0,48.3026,6.99626428389248e-19,4.534677004301461e-20,384.9879632430506,363.49774176239094,351.2089328326139,12.28880892977702,7.1732760890582465,14.316945391601424,56.79014862723462,7.222290119432679,7.222290119432679,21.539235511034104
1987-12-01,5.0429,127.8941,11.3018,69.9702522859379,0,127.8941,4.2478577610737314e-20,2.868192432277298e-21,479.1030328326139,417.6521645970967,407.6042255777434,10.047939019353294,20.51184275426897,40.93902548124822,68.58028948264929,8.721701898854313,8.721701898854313,49.660727380102536
1988-01-01,4.0675,163.1717,10.2968,108.809173869716,0,163.1717,2.6366772743537396e-21,2.3151515792355854e-22,570.7759255777435,439.90305451706774,430.25049918600536,9.652555331062388,43.68439094640409,87.18848011427163,99.5982657743511,12.666414654702294,12.666414654702294,99.85489476897392
1988-02-01,3.6012,46.8332,22.648,61.203429278849,0,46.8332,2.1051698215894887e-22,2.0998175764609666e-23,477.08369918600533,416.87262373249825,397.0175535521997,19.855070180298583,20.098009145034933,40.11306630847214,106.19138054870896,13.504894370677095,13.504894370677095,53.617960679149235
1988-03-01,6.3957,19.664,44.2607,31.6624854518871,0,19.664,2.005116247675456e-23,9.470132878551075e-25,416.68155355219966,385.65734635078036,350.5767362513482,35.080610099432135,10.35564961022907,20.66855759119023,103.39745359464968,13.149576564288363,13.149576564288363,33.81813415547859
1988-04-01,8.4141,132.3113,54.1542,40.8053635598839,0,132.3113,9.212279922375153e-25,2.5785295617592198e-26,482.88803625134824,419.07038369650866,372.91535171741947,46.15503197908919,21.301857756256382,42.5157947985832,110.6299426172145,14.06936873369158,14.06936873369158,56.58516353227478
1988-05-01,10.9816,117.6035,66.8404,60.4223917615789,0,117.6035,2.5415800883329468e-26,3.694947342627305e-28,490.51885171741947,421.7643610296991,365.19229961235214,56.57206141734696,22.949737605517832,45.80475308220253,118.508371840815,15.07130838191733,15.07130838191733,60.87606146411986
1988-06-01,14.6411,203.9711,80.7686,74.9322100985713,0,203.9711,3.6737395821985894e-28,2.1207760428715727e-30,569.1633996123521,439.6709456268392,369.44151297925276,70.22943264758646,43.22361799405901,86.26883599145388,143.48435898294977,18.247630851924242,18.247630851924242,104.51646684337813
1988-07-01,21.1104,18.3487,109.4977,42.6105511392009,0,18.3487,2.1183608997500983e-30,2.415143121474395e-33,387.7902129792528,365.5901257883848,288.7540690345335,76.83605675385132,7.410223983246412,14.789863207621563,133.86969722569765,17.024885740498558,17.024885740498558,31.81474894812012
1988-08-01,21.4663,18.6418,101.8821,24.1789273963414,0,18.6418,2.4126269095907603e-33,2.5162118836346388e-36,307.39586903453346,298.5828343328957,239.73147572901163,58.85135860388405,2.9417254333182545,5.8713092683195205,121.37548855867387,15.435934100342054,15.435934100342054,21.307243368661574
1988-09-01,17.1135,14.64,70.5998,19.871219292816,0,14.64,2.5084282955058033e-36,7.783588128835553e-39,254.37147572901165,249.6181417078277,214.39264711771423,35.22549459011347,1.5866275416543185,3.166706479529627,109.0887487741666,13.87336732616159,13.87336732616159,17.040073805691218
1988-10-01,12.3098,68.4659,39.612,23.9942849572704,0,68.4659,7.703567927422674e-39,8.002020141287811e-41,282.85854711771424,276.21443424291584,253.6168126956391,22.59762154727673,2.217755459648822,4.426357415149574,98.74819710638499,12.558307127430448,12.558307127430448,16.98466454258002
1988-11-01,7.1933,61.0653,19.9559,22.6771688918976,0,61.0653,7.706375164582748e-41,2.9564497670506246e-42,314.6821126956391,305.10264657978365,292.261450824999,12.841195754784678,3.197554538777148,6.381911577078291,90.44358410958571,11.502167535576447,11.502167535576447,17.88407911265474
1988-12-01,3.1963,25.0876,13.3891,24.397420949242,0,25.0876,2.6597366123844094e-42,2.967131546662152e-43,317.349050824999,307.47293079712074,298.7291229175432,8.74380787957756,3.2965754081410994,6.5795446197371446,83.16379903006816,10.576360487658649,10.576360487658649,17.155905107395792
1989-01-01,3.2209,23.1817,16.8062,21.4154455582461,0,23.1817,2.6711722254951264e-43,2.9595932116702554e-44,321.91082291754316,311.5059923628287,300.42731029321845,11.078682069610238,3.4730550495259416,6.931775505188524,76.86193365086164,9.774920428732457,9.774920428732457,16.706695933920983
1989-02-01,4.3129,130.8075,24.7527,34.6413834688985,0,130.8075,2.7349167562501057e-44,2.2467645542014972e-45,431.23481029321846,394.58582273032516,374.0918639905384,20.493958739786763,12.233159458579284,24.415828104314013,79.04281853198232,10.052274577458602,10.052274577458602,34.46810268177261
1989-03-01,8.592,55.8016,47.9415,36.4151818335735,0,55.8016,2.1882509066487524e-45,5.851364755274475e-47,429.8934639905384,393.79903571229875,355.149898243131,38.64913746916773,12.048051694094342,24.046376584145317,80.81341939174848,10.277450834328189,10.277450834328189,34.323827418473506
1989-04-01,7.1442,152.8516,49.2281,72.2161198198376,0,152.8516,5.632508316548791e-47,2.1885643872568357e-48,508.001498243131,427.1640204746131,384.1737883514501,42.99023212316297,26.982948821562683,53.8545289469552,95.63409693758577,12.162271275725415,12.162271275725415,66.01680022268062
1989-05-01,14.0706,112.0729,82.2107,41.5562428121057,0,112.0729,2.174076970932319e-48,1.4487416324516781e-50,496.24668835145013,423.6474263883489,354.87303687237795,68.77438951597094,24.233093660382515,48.36616830271873,106.34301243431518,13.52417816365311,13.52417816365311,61.89034646637184
1989-06-01,18.0828,59.6375,99.8546,52.4673800116053,0,59.6375,1.4452245973713703e-50,3.517035080307824e-53,414.51053687237794,384.2533742507868,309.8669212754629,74.38645297532389,10.099615834650029,20.157546786941104,103.30483098934658,13.13779727961863,13.13779727961863,33.295344066559736
1989-07-01,22.7209,35.097,117.3845,24.4478898825881,0,35.097,3.5143574155597122e-53,2.677664748111671e-56,344.9639212754629,331.4187138038531,257.35364936763966,74.06506443621345,4.521289506712381,9.023917964897404,95.66049237872703,12.165628117331938,12.165628117331938,21.18954608222934
1989-08-01,22.092,33.7791,105.276,19.7518171822168,0,33.7791,2.675279015053377e-56,2.3857330582938234e-59,291.1327493676397,283.82160646827174,226.2193313854723,57.60227508279945,2.4404051205764605,4.870737778791491,87.03253084136882,11.068366657934668,11.068366657934668,15.939104436726158
1989-09-01,15.5583,45.6224,58.6579,20.7630422735287,0,45.6224,2.3748457991927735e-59,1.0887259101049961e-61,271.84173138547226,265.99781359672875,234.41579051687296,31.582023079855787,1.9506562916600139,3.893261497083497,78.94353849895829,10.039648634070554,10.039648634070554,13.93291013115405
1989-10-01,12.1871,28.171,39.6996,18.3940797802484,0,28.171,1.0771844393947148e-61,1.154147071028127e-63,262.58679051687295,257.3457621428894,236.2472252872267,21.098536855662672,1.7494162892181653,3.491612084765402,71.58866284921613,9.104291938960326,9.104291938960326,12.595904023725728
1989-11-01,8.3006,124.076,15.235,19.6059496553508,0,124.076,1.121817416852981e-63,3.2329654175146003e-65,360.3232252872267,344.1638980541842,333.04937424808446,11.114523806099726,5.393863239630673,10.765463993411846,68.29686829441708,8.685657794429735,8.685657794429735,19.45112178784158
1989-12-01,6.8497,169.6498,9.9021,42.2184936935735,0,169.6498,3.1028046466510475e-65,1.301607708635528e-66,502.69917424808443,425.6335399258334,416.6482891362694,8.98525078956402,25.723935533629522,51.34169878862149,83.41277926588646,10.608024562160157,10.608024562160157,61.94972335078165
1990-01-01,3.3098,55.5786,13.1422,19.2766706390076,0,55.5786,1.1746314444427912e-66,1.2697626419273672e-67,472.2268891362694,414.93105302092044,403.34591221555456,11.585140805365882,19.12492393708994,38.17091217825901,90.96874793097103,11.568955272005363,11.568955272005363,49.73986745026437
1990-02-01,8.2055,17.2283,29.6452,23.1172333716834,0,17.2283,1.2333385748894981e-67,3.642406703786907e-69,420.57421221555455,388.12880548712985,364.111446140199,24.017359346930846,10.830035441665173,21.615371286759526,90.31319773150587,11.485585641130355,11.485585641130355,33.10095692788988
1990-03-01,7.0399,29.9131,39.8288,23.2889508400194,0,29.9131,3.502571822596871e-69,1.3983488119003617e-70,394.024546140199,370.1591429264799,339.71699436182956,30.442148564650324,7.966094085292326,15.89930912842678,87.19079757832088,11.088494238477319,11.088494238477319,26.987803366904096
1990-04-01,7.6258,59.7361,50.221,23.3917351311022,0,59.7361,1.3519800601294033e-70,4.636875177095837e-72,399.4530943618296,374.03613400338617,335.6738293621398,38.36230464124634,8.483992319941732,16.932968038501684,84.88015211707052,10.794637781192096,10.794637781192096,27.72760581969378
1990-05-01,14.9049,20.7045,80.696,22.2026378234853,0,20.7045,4.611959741814578e-72,2.491543528125838e-74,356.3783293621398,340.93625284970597,286.5227087677403,54.413544081965654,5.154450283899517,10.28762622853434,79.87632641493866,10.158275986031391,10.158275986031391,20.44590221456573
1990-06-01,18.638,33.2909,102.0262,19.5560961968016,0,33.2909,2.486278866543634e-74,5.264661582203811e-77,319.81360876774033,309.65525515287885,248.54431313585104,61.11094201702781,3.3907828802631528,6.76757073459833,73.87238488677163,9.394724408430179,9.394724408430179,16.16229514302851
1990-07-01,21.5859,16.7163,112.9439,18.720896897404,0,16.7163,5.259338188416708e-77,5.323393787102578e-80,265.26061313585103,259.8514708356063,203.72012379401343,56.131347041592846,1.8055314673968708,3.603610832847882,67.13945292041251,8.538463433755991,8.538463433755991,12.142074266603874
1990-08-01,21.1104,26.1679,98.36,18.1084994744853,0,26.1679,5.3173314978141664e-80,6.0622892884117046e-83,229.88802379401344,226.36154150090968,183.12970460913377,43.23183689177591,1.1771135599683893,2.349368733135365,60.60865731857743,7.707909161803477,7.707909161803477,10.057277894938842
1990-09-01,17.635,69.0713,62.8188,17.5391852873499,0,69.0713,6.0458287259269384e-83,1.6460562484766142e-85,252.20100460913375,247.56960440690935,216.22823802587706,31.341366381032287,1.5459269398118833,3.085473262412515,55.141909088437565,7.012675169951749,7.012675169951749,10.098148432364265
1990-10-01,10.7577,170.5932,28.7205,20.8707503629868,0,170.5932,1.6211107642759024e-85,2.4945484200711774e-87,386.82143802587706,364.8694063521362,342.9740222409906,21.895384111145574,7.32742489663075,14.624606777110113,55.42114675081163,7.048187234256694,7.048187234256694,21.672794011366808
1990-11-01,5.6779,71.7371,17.0292,30.9990036208255,0,71.7371,2.3599297242344863e-87,1.3461869583669112e-88,414.7111222409906,384.3838490834061,370.5351863831866,13.848662700219506,10.123018210092502,20.204254947492,58.14905575631615,7.395109204587978,7.395109204587978,27.59936415207998
1990-12-01,1.5675,58.279,10.9038,33.0263776018246,5.979052992460532,52.29994700753947,1.1431723650748521e-88,5.979052992460532,422.83513339072607,389.5367630482889,380.4913908210404,9.045372227248492,11.114748351801483,22.1836219906357,61.44902157773916,7.814782530378489,7.814782530378489,29.998404521014187
1991-01-01,2.5215,49.7793,11.3357,29.038100917892,0,49.7793,5.268709050073014,0.7103439423875182,435.5393998711134,397.0598366990422,387.47900651044444,9.580830188597758,12.84419198136397,25.63537119070724,65.91098109406136,8.382232465041772,8.382232465041772,34.017603655749014
1991-02-01,2.3436,97.0539,19.4845,24.0004397052395,0,97.0539,0.6221129032512593,0.08823103913625885,485.1550194136957,419.89345709859447,402.629690799268,17.26376629932645,21.78382409463796,43.47773822046327,77.80051999287258,9.894285195826749,9.894285195826749,53.37202341629002
1991-03-01,6.5552,90.9789,35.4076,50.530480825751,0,90.9789,0.08440739607893694,0.0038236430573219127,493.69299819534695,422.82219408244043,391.76340152246377,31.058792559976666,23.656147286009165,47.21465682689735,90.00968134949494,11.446985929386825,11.446985929386825,58.661642756284174
1991-04-01,6.6718,100.5618,53.0179,46.3507914799815,0,100.5618,0.003662699783747673,1.6094327357423985e-4,492.3288642222475,422.37198257399234,376.77469558136966,45.597286992622685,23.351086764932788,46.60579488332236,100.57068588174985,12.790082232677879,12.790082232677879,59.395877116000236
1991-05-01,9.6472,44.9731,71.6065,31.3036636452926,0,44.9731,1.577236988232092e-4,3.2195747510306474e-6,421.74795330506845,388.862284377422,333.2633141146412,55.59897026278077,10.976991689158288,21.908677238488174,98.96215973500198,12.585517835906163,12.585517835906163,34.49419507439434
1991-06-01,17.4356,31.2744,100.9477,25.1630715965896,0,31.2744,3.2103859798195318e-6,9.188771211115637e-9,364.5377173250272,347.5741986821962,279.62896196832367,67.94523671387253,5.66229635075767,11.301222292073321,92.82006009282398,11.804395992935682,11.804395992935682,23.105618285009
1991-07-01,21.6534,29.9142,115.3823,23.8151817913716,0,29.9142,9.179635414925903e-9,9.135796189733684e-12,309.5431619775033,300.5107408703237,234.36185788463973,66.14888298568394,3.0149549837234986,6.017466123456131,85.02229967255788,10.812715403989607,10.812715403989607,16.83018152744574
1991-08-01,22.7147,15.1605,104.2336,22.7984174268875,0,15.1605,9.12882993901179e-12,6.966250721894592e-15,249.52235788464887,245.03764821668625,195.74583894390682,49.29180927277943,1.4969627305384616,2.9877469374241574,76.75760941456653,9.761652988529805,9.761652988529805,12.749399925953963
1991-09-01,16.9417,103.4976,67.035,22.0783119145108,0,103.4976,6.943755730395436e-15,2.2494991499155983e-17,299.2434389439068,291.2170556927647,252.04984526424164,39.16721042852305,2.679147030143503,5.347236220998632,70.47419678562692,8.962559659083118,8.962559659083118,14.30979588008175
1991-10-01,8.4417,95.5,29.6891,28.1930540217439,0,95.5,2.1886709367393637e-17,6.082821317623458e-19,347.54984526424164,333.59693298636574,312.9243970410166,20.672535945349125,4.657378338594119,9.295533939281777,66.65475337986395,8.476821744357089,8.476821744357089,17.772355683638864
1991-11-01,5.0644,60.3642,16.8421,27.0901231856934,0,60.3642,5.700144186052548e-19,3.8267713157091e-20,373.2885970410166,354.5212777576676,341.88631348877993,12.634964268887643,6.264391588152067,12.502927695196957,64.69194365321843,8.227201314797588,8.227201314797588,20.730129009994545
1991-12-01,5.0368,33.5831,12.8003,27.5985053679354,0,33.5831,3.5843578298142833e-20,2.4241348589481687e-21,375.46941348877994,356.22267831990746,346.5319092040858,9.690769115821638,6.424417044913181,12.822318123959295,63.09256096082092,8.023799737310702,8.023799737310702,20.846117861269995
1992-01-01,1.1319,23.5115,14.1357,20.4553048750771,4.589287332175848,18.922212667824155,2.0164953863066676e-21,4.589287332175848,365.45412187191,348.31035931038787,337.86126996551883,10.449089344869037,5.722460430188348,11.421302131333777,61.05087337865581,7.764148012353463,7.764148012353463,19.18545014368724
1992-02-01,3.638,34.3888,27.3425,16.8547773131936,0,34.3888,4.17685601938042,0.41243131279542844,376.42692598489924,356.96575399549005,336.5424424542511,20.423311541238945,6.495994460658014,12.96517752875118,59.92580096940176,7.62106686991206,7.62106686991206,20.58624439866324
1992-03-01,7.2791,46.2025,41.8219,21.0215416882281,0,46.2025,0.39751689497326276,0.014914417822165682,383.1424593492244,362.1071303634135,330.9030384731762,31.204091890237294,7.02143635770288,14.013892628108026,59.39382458205382,7.553412745050833,7.553412745050833,21.56730537315886
1992-04-01,9.9939,91.9533,63.2015,43.8279602874754,0,91.9533,0.014640836023764713,2.735817984009688e-4,422.8709793091999,389.55892088207617,339.96179665630007,49.5971242257761,11.11931733265985,22.19274109446391,62.55740115382437,7.955740760889304,7.955740760889304,30.14848185535321
1992-05-01,14.589,130.4555,85.3259,26.901787897841,0,130.4555,2.719909427001429e-4,1.5908557008258877e-6,470.4175686472428,414.18330823779854,344.6242743953063,69.55903384249223,18.77057786230683,37.4636825471374,72.15203960838268,9.175939407748517,9.175939407748517,46.63962195488592
1992-06-01,13.6104,71.1138,81.5287,27.0907386604903,0,71.1138,1.579040773566158e-6,1.1814927259729819e-8,415.7380759743471,385.04943778951196,323.0153268813742,62.034110908137734,10.243639168407512,20.444999016427644,73.0992746971293,9.29640407966089,9.29640407966089,29.741403096088533
1992-07-01,21.9877,19.0288,110.2204,22.5319168398285,0,19.0288,1.180412233802605e-8,1.080492170376831e-11,342.0441268931784,328.9446624321256,259.40611362049435,69.53854881163124,4.37250380516105,8.726960655891725,68.73092014152216,8.740858360768192,8.740858360768192,17.467819016659917
1992-08-01,21.9755,33.9116,98.7275,19.445310733359,0,33.9116,1.0795010261041156e-11,9.911442727154146e-15,293.3177136205052,285.8201277421995,231.04951433674768,54.7706134054518,2.502638400209737,4.994947478095963,63.19653579894873,8.037022742783169,8.037022742783169,13.031970220879131
1992-09-01,16.1288,29.5563,66.2031,16.0004982950919,0,29.5563,9.872224448445894e-15,3.9218278708252286e-17,260.6058143367477,255.48629486892497,221.52141476881044,33.96488010011453,1.7088575201074978,3.4106619477152287,57.582354390305575,7.323038928750658,7.323038928750658,10.733700876465887
1992-10-01,9.1718,156.5631,27.8172,20.7796600930451,0,156.5631,3.833472433203777e-17,8.835543762145155e-19,378.08451476881044,358.24632879509204,337.40446081323034,20.841867981861697,6.621838924444469,13.216347049273926,56.96026822640295,7.243925088347095,7.243925088347095,20.460272137621022
1992-11-01,8.8497,20.5463,22.2534,23.0692263375249,0,20.5463,8.619793293136311e-19,2.1575046900884373e-20,357.9507608132303,342.22679313373476,326.2042400760668,16.02255305766795,5.248543458798633,10.475424220696926,55.19001823235769,7.0187934528439,7.0187934528439,17.494217673540824
1992-12-01,4.7485,82.8491,10.9457,33.3371923742607,0,82.8491,2.010618923610444e-20,1.4688576647799344e-21,409.05334007606683,380.6454151092704,371.7729411915626,8.872473917707794,9.482354059844077,18.925570906952352,57.375624276480245,7.296748015721531,7.296748015721531,26.22231892267388
1993-01-01,4.3558,16.6494,18.4779,24.8781067656234,0,16.6494,1.3585394664808845e-21,1.103181982990499e-22,388.4223411915626,366.0588716869603,351.7706396364937,14.288232050466604,7.464759784356718,14.898709720245616,57.524679889713134,7.315704171123836,7.315704171123836,22.214413891369453
1993-02-01,3.3098,22.338,23.2523,20.9723037044758,0,22.338,9.955628240107843e-23,1.0761915897971456e-23,374.1086396364937,355.16249930154856,337.8064530736079,17.35604622794068,6.32408072512951,12.622059609815631,56.64493770236834,7.2038229124743145,7.2038229124743145,19.825882522289945
1993-03-01,5.9908,38.0424,39.0244,20.2429660701456,0,38.0424,1.0224849154354114e-23,5.370667436173421e-25,375.84885307360787,356.5174323466915,327.76479759791306,28.752634748778462,6.452684454309188,12.878736272607162,55.978547458315184,7.119074698362345,7.119074698362345,19.997810970969507
1993-04-01,7.4018,59.0604,51.1509,18.7996776714076,0,59.0604,5.1823198174962e-25,1.883476186772212e-26,386.8251975979131,364.8722087215691,326.7943372075865,38.077871513982586,7.32774440374013,14.625244472603836,56.16367372149826,7.142618140557062,7.142618140557062,21.767862613160897
1993-05-01,10.454,101.71,61.4438,27.7763775842405,0,101.71,1.8526809721447115e-26,3.079521462750051e-28,428.5043372075865,392.97634638645644,344.2454447524206,48.73090163403583,11.858979083991745,23.669011737138316,60.34790485222183,7.674747953268189,7.674747953268189,31.343759690406504
1993-06-01,15.4693,48.5263,85.6094,22.9042790919549,0,48.5263,3.065151898733287e-28,1.4369564016764081e-30,392.7717447524206,369.2507754804892,307.0502059164434,62.20056956404579,7.851124597373858,15.669844674557533,60.50438156251832,7.694647887077372,7.694647887077372,23.364492561634904
1993-07-01,21.2607,11.3146,105.1954,16.679982470873,0,11.3146,1.4353803442533676e-30,1.576057423040567e-33,318.3648059164434,308.3733209464566,245.83090654320603,62.542414403250575,3.3350833677490375,6.656401602237763,56.63669081599814,7.202774114269215,7.202774114269215,13.859175716506979
1993-08-01,21.8006,7.5572,94.514,17.7312134239837,0,7.5572,1.5745470717128857e-33,1.5103513276812158e-36,253.38810654320602,248.69036246309707,202.86827570979872,45.82208675329835,1.568072032793495,3.1296720473154522,51.637731630212485,6.567031218579156,6.567031218579156,9.696703265894609
1993-09-01,14.4939,67.762200000000007,49.7018,14.6784584313439,0,67.762200000000007,1.5013574380027301e-36,8.993889678485675e-39,270.6304757097987,264.868891141268,237.96919235148872,26.899698789779308,1.9231740751356572,3.8384104933950223,47.517823960025,6.043081745323148,6.043081745323148,9.88149223871817
1993-10-01,8.135,162.7998,24.3098,25.2018465087945,0,162.7998,8.731305619098085e-39,2.625840593875904e-40,400.7689923514887,374.9611047825342,355.8258251948508,19.135279587683442,8.614480915149784,17.193406653804686,49.79910153503389,6.3332033401408925,6.3332033401408925,23.526609993945577
1993-11-01,5.0706,52.2731,16.0795,31.9474502828533,0,52.2731,2.4609018773269317e-40,1.6493871654897208e-41,408.0989251948508,380.00306252743235,367.0625995978041,12.940462929628268,9.378189985386337,18.71767268203209,52.500533436977115,6.676758083443117,6.676758083443117,25.394430765475207
1993-12-01,4.6135,32.7783,12.1911,21.3212779143199,0,32.7783,1.5332399197016162e-41,1.1614724578810455e-42,399.8408995978041,374.30934197329583,364.6048265466721,9.704515426623743,8.522244034996142,17.00931358951211,54.1377999359609,6.88497753601236,6.88497753601236,23.89429112552447
1994-01-01,2.5368,90.6074,12.5238,44.231096279447,0,90.6074,1.0240100598281603e-42,1.3746239805288514e-43,455.21222654667207,407.35878263760395,396.51305921496873,10.845723422635217,15.973123649792711,31.880320259275408,62.20056365271559,7.910359933038026,7.910359933038026,39.79068019231343
1994-02-01,3.9049,75.4345,21.3462,32.3376613040899,0,75.4345,1.259063266446376e-43,1.1556071408247534e-44,471.94755921496875,414.81648690484104,396.1690533257036,18.64743357913744,19.069927004396646,38.06114530573106,72.10103745134968,9.169453205762553,9.169453205762553,47.23059851149361
1994-03-01,9.184,14.7342,50.7273,31.4969227315202,0,14.7342,1.1296515875433627e-44,2.5955553281390707e-46,410.9032533257036,381.880929688329,342.3403627753564,39.540566912972565,9.687435766273854,19.334887871100744,72.56057792775879,9.227895289864746,9.227895289864746,28.562783160965488
1994-04-01,7.4233,44.0004,57.9794,27.0624268198328,0,44.0004,2.505017997123796e-46,9.053733101527472e-48,386.34076277535644,364.51076572265373,321.70224080499264,42.80852491766109,7.286690647804227,14.543306404898482,70.8383923291944,9.008876246368601,9.008876246368601,23.55218265126708
1994-05-01,12.8282,64.4902,79.6491,27.0901231856934,0,64.4902,8.971969604744535e-48,8.176349678293663e-50,386.19244080499266,364.39996114489566,306.9331951423026,57.46676600259303,7.274167621201428,14.518312038895573,69.29940455467663,8.813155395719216,8.813155395719216,23.331467434614787
1994-06-01,17.7914,17.0325,106.9606,21.2492673630822,0,17.0325,8.155000286182285e-50,2.1349392111378628e-52,323.9656951423026,313.31357647835705,248.82101116653692,64.49256531182013,3.555597981093777,7.096520682851767,64.63503817778488,8.219964357985534,8.219964357985534,15.3164850408373
1994-07-01,24.1258,8.0148,124.4412,19.5653283187551,0,8.0148,2.1337952255307485e-52,1.1439856071143195e-55,256.8358111665369,251.940607449938,192.68500524132088,59.25560220861712,1.6339825907773875,3.2612211258215407,58.79212872551096,7.476892043051314,7.476892043051314,10.738113168872854
1994-08-01,22.773,6.3069,108.9044,13.8611079010565,0,6.3069,1.1431259148317632e-55,8.596922825563747e-59,198.9919052413209,196.62685386873233,155.5004632984835,41.126390570248816,0.7894365572570724,1.5756148153314948,52.859194464417165,6.722370818350869,6.722370818350869,8.297985633682364
1994-09-01,14.4571,28.9779,60.6647,12.4104338047557,0,28.9779,8.54525640707871e-59,5.1666418485037406e-61,184.47836329848352,182.54197530172044,160.17458509443645,22.36739020728399,0.6463519107432473,1.2900360860198266,47.468710621261145,6.036835753899269,6.036835753899269,7.326871839919096
1994-10-01,10.865,124.894,33.45,13.7890973498188,0,124.894,5.0904155276990686e-61,7.622632080467207e-63,285.06858509443646,278.25215019880227,258.90265781168176,19.349492387120506,2.2752752684973276,4.541159627136861,44.13155329342178,5.612432596336689,5.612432596336689,10.153592223473549
1994-11-01,7.865,92.1519,21.2891,26.0419696065673,0,92.1519,7.384541376346258e-63,2.38090704120949e-64,351.0545578116818,336.52894479205554,321.4403525061052,15.088592285950313,4.848541586524384,9.677071433101851,43.45384932163696,5.526245558309207,5.526245558309207,15.203316991411057
1994-12-01,3.7975,45.5025,12.3764,18.3700762631692,0,45.5025,2.1753036546765464e-64,2.056033865329437e-65,366.9428525061052,349.5020706984416,340.30481910328564,9.19725159515599,5.821603245363807,11.61917856229979,43.7158828775277,5.559569689473074,5.559569689473074,17.178748251772866
1995-01-01,3.0092,66.8341,13.6265,27.6514362004691,0,66.8341,1.8398058643325495e-65,2.1622800099688744e-66,407.1389191032856,379.3536007574613,368.3771906197163,10.976410137745006,9.27453260062235,18.510785745201943,47.011700065555324,5.978715412594726,5.978715412594726,24.489501157796667
1995-02-01,5.819,65.2678,24.1183,35.1097597893418,0,65.2678,2.0496368838620663e-66,1.1264312610680815e-67,433.6449906197163,395.98065210836904,375.9277752027478,20.052876905621247,12.572076053138444,25.092262458208797,52.86115585978456,6.722620258909217,6.722620258909217,31.814882717118014
1995-03-01,6.2853,26.4829,45.1682,20.8344373499695,0,26.4829,1.0742077020940731e-67,5.222355897400839e-69,402.4106752027478,376.1067567932152,341.2270058585357,34.87975093467952,8.780052320328505,17.523866089204123,54.68645536166493,6.954752818448142,6.954752818448142,24.478618907652265
1995-04-01,9.5613,27.2374,65.2798,16.4824150610671,0,27.2374,5.115617864555179e-69,1.067380328456601e-70,368.46440585853566,350.71458985739014,304.69543809108285,46.01915176630729,5.9247565605960535,11.825059440549465,53.77266982694398,6.838542095317006,6.838542095317006,18.66360153586647
1995-05-01,13.6779,58.7619,78.7312,15.2176143534311,0,58.7619,1.059585792076664e-70,7.794536379936977e-73,363.4573380910829,346.7038155230118,292.6059256527506,54.09788987026121,5.592201222923494,11.161321345147554,52.666949051899934,6.697921997967546,6.697921997967546,17.8592433431151
1995-06-01,17.0767,70.4198,93.7148,14.2236225564325,0,70.4198,7.770202089840281e-73,2.4334290096696554e-75,363.0257256527506,346.35534798307117,283.0251049483215,63.330243034749685,5.564448074260213,11.10592959541924,51.66136085915536,6.5700362670047925,6.5700362670047925,17.675965862424032
1995-07-01,21.5644,6.1787,117.4214,14.8021688655214,0,6.1787,2.430955171470486e-75,2.4738381991696034e-78,289.2038049483215,282.0535899467278,219.0031718442331,63.05041810249472,2.3866885852580326,4.763526416335632,47.95000504679515,6.0980443976182475,6.0980443976182475,10.861570813953879
1995-08-01,19.5736,34.4006,94.7737,13.5767585448872,0,34.4006,2.4697011988971382e-78,4.137000272465202e-81,253.4037718442331,248.7051467133254,202.76683944456255,45.938307268762856,1.5683661209969844,3.1302590099107017,43.93139385810223,5.586977309689907,5.586977309689907,8.717236319600609
1995-09-01,13.6963,20.0306,53.4922,11.5684642825921,0,20.0306,4.1069285180573187e-81,3.00717544078832e-83,222.79743944456254,219.57148633899044,195.6675126212347,23.903973717755747,1.076799152463329,2.1491539531087738,39.93008266141643,5.07811034914914,5.07811034914914,7.227264302257915
1995-10-01,13.047,14.008,41.2374,9.757737430103,0,14.008,2.981463600203634e-83,2.571184058468613e-85,209.6755126212347,206.95041464280135,189.35507341776793,17.595341225033422,0.9096174363130339,1.8154805421203197,36.23190560854073,4.6077944891887395,4.6077944891887395,6.423275031309059
1995-11-01,8.0922,100.7338,19.1519,12.3427315770963,0,100.7338,2.4953086214999776e-85,7.587543696863545e-87,290.0888734177679,282.86524052438915,271.4297930003801,11.435447524009078,2.4111949314641414,4.812437961914608,34.283140371656316,4.359960168348549,4.359960168348549,9.172398130263158
1995-12-01,5.0916,220.408,10.2116,63.7490330388405,0,220.408,7.113437892947301e-87,4.7410580391624377e-88,491.8377930003801,422.20829182870773,413.0198194214284,9.188472407279335,23.241809596858495,46.387691574813864,51.03461955909741,6.490330409417405,6.490330409417405,52.87802198423127
1996-01-01,4.6115,161.1406,11.2017,137.858353333952,0,161.1406,4.407033220072976e-88,3.3402481908946155e-89,574.1604194214284,440.3780659419094,429.8760928690853,10.501973072824114,44.655554537500926,89.12679894201806,84.89380057238799,10.79637352421034,10.79637352421034,99.9231724662284
1996-02-01,2.7482,83.2891,20.4908,75.8861960337712,0,83.2891,2.9652753064014727e-89,3.749728844931428e-90,513.1651928690853,428.57116437823163,410.06051835896255,18.510646019269075,28.23685751199275,56.35717097886096,100.36653832757366,12.76411975680709,12.76411975680709,69.12129073566805
1996-03-01,5.2357,61.4305,36.7193,30.0874854466119,0,61.4305,3.5237189205184793e-90,2.260099244129489e-91,471.49101835896255,414.62855279686727,383.08735990087933,31.541192895987933,18.9802680697619,37.88219749233338,105.88134128608488,13.46546511125071,13.46546511125071,51.34766260358409
1996-04-01,8.619,40.7003,59.2488,37.1168231020431,0,40.7003,2.2016343119891628e-91,5.8464932140326325e-93,423.78765990087936,390.1238016361949,343.36678969695095,46.75701193924397,11.236745501800861,22.42711276288359,103.90407998582427,13.214006802061492,13.214006802061492,35.64111956494508
1996-05-01,11.3665,117.5348,67.9238,44.541911051883,0,117.5348,5.770401207974702e-93,7.609200605793039e-95,460.90158969695096,410.02685980205564,354.20134794739585,55.825511854659794,16.981606439969884,33.893123454925444,107.24659509060729,13.63909133518687,13.63909133518687,47.53221479011231
1996-06-01,16.5038,52.4939,96.2865,24.0189039491466,0,52.4939,7.581786563617477e-95,2.741404217556219e-97,406.69524794739584,379.0523222595483,308.0318787640136,71.02044349553472,9.227002990485882,18.415922697361655,103.33230659046632,13.141291490626864,13.141291490626864,31.55721418798852
1996-07-01,20.7002,16.841,111.6937,22.1632474364835,0,16.841,2.737945136202193e-97,3.4590813540261884e-100,324.8728787640136,314.1097253415105,246.92215234698637,67.18757299452415,3.5926605576396695,7.1704928648634105,94.86101287805195,12.06395427005404,12.06395427005404,19.234447134917453
1996-08-01,20.472,64.7413,92.5464,18.8273740372682,0,64.7413,3.45446045478369e-100,4.620899242498489e-103,311.66345234698633,302.40915366823714,247.73728092250195,54.671872745735186,3.089016066819856,6.165282611929338,86.89868423597298,11.051344708898839,11.051344708898839,17.216627320828177
1996-09-01,15.3582,43.409,57.0581,16.8849355782418,0,43.409,4.59873003716945e-103,2.216920532903824e-105,291.14628092250194,283.8339970680073,250.9980101859944,32.83598688201292,2.440785962911488,4.87149789158315,79.25962344525104,10.079846753633436,10.079846753633436,14.951344645216587
1996-10-01,11.4117,26.0037,38.0057,15.6798359259054,0,26.0037,2.1883915768243583e-105,2.852895607946567e-107,277.0017101859944,270.7948122091218,249.5026498501763,21.29216235894549,2.07181637866291,4.135081598209687,72.15510994583899,9.176329878074974,9.176329878074974,13.311411476284661
1996-11-01,5.3006,133.7067,16.8106,24.8399473282154,0,133.7067,2.6837087341047273e-107,1.6918687384183983e-108,383.2093498501763,362.1577053031237,349.2742882923807,12.883417010743017,7.026882370692554,14.024762176360051,70.24817676533988,8.933815551191662,8.933815551191662,22.958577727551713
1996-12-01,3.0994,204.8171,9.1556,94.4809205978101,0,204.8171,1.5179067380430918e-108,1.7396200037530657e-109,554.0913882923807,437.3044249664931,428.761908563735,8.54251640275811,38.98261971349379,77.80434361239375,96.90668389082647,12.3241125880072,12.3241125880072,90.12845620040095
1997-01-01,3.0781,176.5313,11.5082,172.925029887511,0,176.5313,1.5597930115406875e-109,1.798269922123782e-110,605.293208563735,444.0812154620292,433.2047380364197,10.876477425609494,53.81136422566043,107.40062887604536,133.7130801595591,17.004967956927825,17.004967956927825,124.40559683297319
1997-02-01,6.1931,20.164,27.4145,48.0359614739024,0,20.164,1.7129544587524724e-110,8.531546337130949e-112,453.3687380364197,406.46448275783166,383.1497220274424,23.314760730389253,15.656291544867393,31.247963733720646,132.51656999074532,16.85280171368119,16.85280171368119,48.100765447401834
1997-03-01,8.3031,15.0227,51.4807,34.2524033972557,0,15.0227,8.292712306238422e-112,2.3883403089252685e-113,398.1724220274424,373.1302982598566,333.9532158757328,39.17708238412382,8.358874653894272,16.68324911369152,124.98098175822697,15.894462886412642,15.894462886412642,32.577712000104164
1997-04-01,10.2902,53.4302,67.1847,26.8347011449786,0,53.4302,2.3476580778685258e-113,4.068223105674274e-115,387.3834158757328,365.2878327327583,316.0565157442299,49.23131698852842,7.375341309345686,14.72024183362879,117.42304161397178,14.933281453600888,14.933281453600888,29.653523287229678
1997-05-01,12.5797,95.2259,72.7121,24.1518465052776,0,95.2259,4.0291283292306185e-115,3.9094776443655254e-117,411.28241574422987,382.1325970699469,326.7165747247203,55.416022345226565,9.72999266130407,19.419826012978913,112.80682092857656,14.346213346699296,14.346213346699296,33.76603935967821
1997-06-01,15.5988,65.3956,84.9421,22.0001466153041,0,65.3956,3.8918165365280976e-117,1.7661107837427758e-119,392.1121747247203,368.7705353898973,307.09209717944606,61.67843821045125,7.791265598197441,15.550373736625573,106.99144403980652,13.60664248696749,13.60664248696749,29.15701622359306
1997-07-01,19.1229,54.3229,101.5396,17.125586223831,0,54.3229,1.7628050388264435e-119,3.305744916332222e-122,361.41499717944606,345.0511799245112,277.2453340337889,67.80584589072231,5.462120487970879,10.901696766963994,99.76583876875473,12.687725759022676,12.687725759022676,23.58942252598667
1997-08-01,20.4288,51.1793,92.2036,17.7472157687032,0,51.1793,3.301280900460447e-122,4.464015871774848e-125,328.4246340337889,317.21548058534574,260.05882409082614,57.15665649451961,3.7415320490142214,7.467621399428925,91.82901148351304,11.678359334255916,11.678359334255916,19.14598073368484
1997-09-01,18.4845,41.6175,67.1829,16.9378664107755,0,41.6175,4.454214321186246e-125,9.80155058860159e-128,301.67632409082614,293.42260502368305,253.87783977540985,39.544765248273194,2.755030034633421,5.498689032509674,83.91246890058103,10.671572617565436,10.671572617565436,16.170261650075112
1997-10-01,13.0493,25.8276,39.1187,17.4450176434237,0,25.8276,9.717793909025481e-128,8.375667957610818e-130,279.70543977540984,273.3001435033389,251.2078190298992,22.092324473439703,2.138040253942041,4.2672560181288866,76.34174388628496,9.708765268238116,9.708765268238116,13.976021286367002
1997-11-01,6.2084,174.552,14.2766,45.2687867870257,0,174.552,7.979817595049409e-130,3.958503625614095e-131,425.7598190298992,391.3275704043032,379.4727663441658,11.854804060137383,11.493228489095811,22.939020136500194,77.9248726268318,9.910099748548985,9.910099748548985,32.84911988504918
1997-12-01,3.5659,143.984,10.4354,81.0512605293827,0,143.984,3.5962889291696227e-131,3.6221469644447215e-132,523.4567663441658,431.14767877374413,421.56132196970907,9.586356804035063,30.812086849249333,61.497000721172306,96.46856471691194,12.2683947591692,12.2683947591692,73.76539548034151
1998-01-01,3.8806,42.4368,13.773,48.6188161065697,0,42.4368,3.315787804988996e-132,3.0635915945572567e-133,463.9981219697091,411.4210822794228,399.39072083127365,12.030361448149165,17.549824788135208,35.02721490215105,101.154110248091,12.864279256956157,12.864279256956157,47.89149415910721
1998-02-01,5.991,43.669,26.0638,34.8001759664995,0,43.669,2.9107125991810566e-133,1.5287899537620003e-134,443.05972083127364,401.19332693115604,379.28317543854644,21.9101514926096,13.97469088762453,27.89170301249307,102.1392381822513,12.989562953464235,12.989562953464235,40.881265965957304
1998-03-01,7.7407,33.936,46.0762,30.2425850954315,0,33.936,1.479531380156122e-134,4.925857360587842e-136,413.2191754385464,383.409713371979,347.1727885887595,36.236924783219536,9.950176719315637,19.859285347251753,99.44277481743605,12.646640084130908,12.646640084130908,32.505925431382664
1998-04-01,6.4563,116.216,45.8345,36.1942263814852,0,116.216,4.7070427223352005e-136,2.188146382526412e-137,463.3887885887595,411.1499324322775,372.4851550946538,38.66477733762372,17.43694163991197,34.80191451657,103.69260411075045,13.187112346597582,13.187112346597582,47.98902686316758
1998-05-01,11.1937,150.1063,62.4979,58.9101701855878,0,150.1063,2.1584103768758267e-137,2.97360056505851e-139,522.5914550946538,430.9421263502305,376.64684200510993,54.29528434512059,30.591864260322637,61.05746448410068,119.13364131154064,15.150827059532466,15.150827059532466,76.20829154363314
1998-06-01,17.437,24.2717,100.5813,43.0346132742672,0,24.2717,2.9651167822125575e-139,8.483782845952656e-142,400.91854200510994,375.06585235164096,301.984754161122,73.08109819051896,8.629435517729249,17.223254135739737,113.34803460498978,14.415042224280125,14.415042224280125,31.63829636001986
1998-07-01,20.7545,10.6655,112.9597,28.942702324372,0,10.6655,8.47322242248831e-142,1.0560423464345882e-144,312.650254161122,303.2908731966481,237.76794709460614,65.52292610204194,3.1240917522077982,6.23528921226613,103.331000915813,13.141125441384595,13.141125441384595,19.376414653650727
1998-08-01,21.0661,48.0468,100.4149,26.3115475676109,0,48.0468,1.054826329834092e-144,1.216016600496245e-147,285.81474709460616,278.9391912767028,224.66878889694112,54.27040237976166,2.2950093926178394,4.580546425285536,93.70861260351381,11.917397704917022,11.917397704917022,16.49794413020256
1998-09-01,16.7143,41.8121,58.0268,23.628077453113,0,41.8121,1.21186019993505e-147,4.1564005611950515e-150,266.4808888969411,260.993419030212,230.31855483905122,30.674864191160793,1.8316766265001374,3.6557932402289626,84.76082666892547,10.779462561088488,10.779462561088488,14.435255801317451
1998-10-01,10.5757,36.5226,36.9407,15.3222450689046,0,36.5226,4.0904791835725247e-150,6.592137762252677e-152,266.8411548390512,261.33036469784395,241.33555435732825,19.9948103405157,1.8394607606680964,3.6713293805391842,76.82949268268439,9.7707947469092,9.7707947469092,13.442124127448384
1998-11-01,5.3445,38.6145,18.6664,15.0815944233155,0,38.6145,6.205467845273109e-152,3.8666991697956775e-153,279.95005435732827,273.52652107857995,262.74332888306475,10.783192195515198,2.144127631126715,4.279405647621608,70.06331461610856,8.910305697702563,8.910305697702563,13.18971134532417
1998-12-01,3.3079,44.7906,12.8869,15.4274912591751,0,44.7906,3.489310270783639e-153,3.7738889901203834e-154,307.53392888306473,298.70694695041436,290.52663279662744,8.180314153786924,2.946380915292754,5.880601017357615,64.77227772662066,8.237417804780648,8.237417804780648,14.118018822138264
1999-01-01,3.1965,37.4727,15.8427,15.567819512869,0,37.4727,3.395155507166872e-154,3.787334829535116e-155,327.9993327966274,316.8445487976861,306.2110600407399,10.633488756946235,3.7233839311626737,7.431400067778624,60.76754583996866,7.728115817814672,7.728115817814672,15.159515885593295
1999-02-01,4.1182,42.0096,24.2579,16.0878957162522,0,42.0096,3.485478820295211e-155,3.018560092399047e-156,348.22066004073986,334.1599486296271,317.1423265452609,17.017622084366167,4.693360887474094,9.367350523638683,58.07519124583524,7.385715481607525,7.385715481607525,16.753066005246207
1999-03-01,6.0258,79.0045,39.1452,20.468845320609,0,79.0045,2.869233146538234e-156,1.4932694586081287e-157,396.1468265452609,371.68639818231486,341.62147493868,30.064923243634837,8.164709054392542,16.29571930855352,58.7662938134659,7.4736064867618905,7.4736064867618905,23.76932579531541
1999-04-01,8.7546,63.5136,61.4729,20.6196366458503,0,63.5136,1.4559287431575896e-157,3.734071545053913e-159,405.13507493868,377.9872624726311,331.0943161277644,46.89294634486669,9.061737879630664,18.086074586418285,60.175242130487966,7.652789562608602,7.652789562608602,25.738864149026888
1999-05-01,13.7077,68.7767,80.3732,19.4040739219665,0,68.7767,3.7070059215761847e-159,2.70656234777281e-161,399.8710161277644,374.3305376618645,314.8061399735948,59.524397688269744,8.525221745500723,17.015256720399144,60.94924097045883,7.751222905529862,7.751222905529862,24.766479625929005
1999-06-01,16.9077,84.6102,97.1804,16.9840270205432,0,84.6102,2.69774787180263e-161,8.814475970180144e-164,399.4163399735948,374.0102141897606,303.349628505483,70.66058568427758,8.480375819523196,16.92574996431103,61.59612621914526,7.8334905708367675,7.8334905708367675,24.759240535147796
1999-07-01,21.2197,36.1519,109.7287,14.5135111857739,0,36.1519,8.804708620515655e-164,9.767349664488796e-167,339.501528505483,326.77803006283614,257.9706746561815,68.80735540665466,4.247009144598495,8.476489298048376,58.41429441843931,7.428840945304448,7.428840945304448,15.905330243352825
1999-08-01,20.6345,13.7268,94.877,13.9035756620428,0,13.7268,9.754821190939353e-167,1.2528473549442411e-169,271.6974746561815,265.86341860773,216.70756752493074,49.15585108279927,1.9473645161007465,3.8866915323507403,53.55127299313284,6.810385941407223,6.810385941407223,10.697077473757965
1999-09-01,16.7517,150.0909,58.785,14.6021395565279,0,150.0909,1.2486049204186924e-169,4.242434525548689e-172,366.79846752493074,349.3867223358063,307.81958919307,41.56713314273634,5.8119110380656345,11.599834151058783,52.66545237339767,6.697731657800807,6.697731657800807,18.297565808859588
1999-10-01,11.5872,168.367,32.0118,37.7501466680565,0,168.367,4.190183470801096e-172,5.225105474759323e-174,476.18658919306995,416.52112119987487,388.7593568866998,27.761764313175092,19.915889432932847,39.749578560262236,64.39225359087304,8.18908821545748,8.18908821545748,47.93866677571972
1999-11-01,4.1462,38.9869,16.8642,18.9012310128966,0,38.9869,4.811562223672397e-174,4.135432510869258e-175,427.74625688669977,392.52402097333453,378.51663241952963,14.007388553804901,11.756920369941009,23.46531554342423,67.55754024917421,8.59163371163985,8.59163371163985,32.056949255064076
1999-12-01,3.4068,61.9902,11.4939,34.1643905012986,0,61.9902,3.7416729766658175e-175,3.9375953420344074e-176,440.50683241952964,399.81726567460476,390.0369227799456,9.780342894659157,13.581874736292841,27.10769200863205,71.98475056992648,9.154664415540587,9.154664415540587,36.26235642417264
2000-01-01,1.8718,25.7498,15.2035,22.9732122692081,0.8151083985815634,24.934691601418436,3.3872795471559935e-176,0.8151083985815634,414.971614381364,384.55306187424884,372.15945831514796,12.393603559100882,10.153486578043129,20.26506592907205,72.87087926883734,9.267357879132273,9.267357879132273,29.532423808204324
2000-02-01,6.1419,16.0452,29.1564,16.4633353423631,0,16.0452,0.7759389414443805,0.039169457137182895,388.9805972565923,366.47182948541285,344.1568864248899,22.314943060522978,7.513259265032491,14.995508506146972,71.31468920715595,9.069449326713888,9.069449326713888,24.064957832860863
2000-03-01,6.6404,46.9421,43.6259,16.1494431959425,0,46.9421,0.037507757745442884,0.001661699391740011,391.1364941826353,368.0576181440912,335.03589031858456,33.021727825506616,7.7035571642952725,15.375318874248865,70.10290567834038,8.915340693110862,8.915340693110862,24.290659567359725
2000-04-01,7.6789,169.42,46.8729,65.9893612995681,0,169.42,0.0016073247091773258,5.437468256268524e-5,504.4574976432937,426.1509602277596,385.21261214857947,40.938348079180116,26.13813975650815,52.168397659025985,85.3825191056331,10.85852632921545,10.85852632921545,63.026923988241435
2000-05-01,13.8862,73.2175,78.4845,36.8712486580787,0,73.2175,5.3997761372966374e-5,3.7692118971886356e-7,458.43016614634087,408.88486866845983,345.2680509702142,63.616817698245654,16.53785178729821,33.00744569058283,90.42106697510869,11.49930391782262,11.49930391782262,44.50674960840545
2000-06-01,17.08,33.0487,101.6186,19.3640680601678,0,33.0487,3.757454244400913e-7,1.1757652787722589e-9,378.3167513459596,358.4251508689995,287.9421735654644,70.48297730353511,6.639668288337131,13.251932188622963,86.10972631888265,10.951008944563172,10.951008944563172,24.202941133186137
2000-07-01,19.7319,8.5023,104.0153,16.2423798902749,0,8.5023,1.173875344812721e-9,1.889933959537795e-12,296.44447356663824,288.672171935492,230.7113311514577,57.960840784034275,2.5943364752115383,5.177965155934725,78.6959067416945,10.008156052399684,10.008156052399684,15.18612120833441
2000-08-01,19.8633,6.5977,96.2427,16.7138335847027,0,6.5977,1.8869942448925073e-12,2.9397146452874875e-15,237.30903115145958,233.44328998917945,189.7225204922619,43.72076949691754,1.29035564714064,2.5753855151394904,70.96170397718879,9.02455841164636,9.02455841164636,11.599943926785851
2000-09-01,16.7617,28.0687,67.4736,13.5927608896067,0,28.0687,2.9297849399488924e-15,9.929705338595074e-18,217.7912204922619,214.7644725161686,185.70416004179916,29.060312474369454,1.0103059619024954,2.0164420141908086,63.85167041701875,8.120339522072532,8.120339522072532,10.13678153626334
2000-10-01,10.6885,79.661,36.2273,11.5339976939656,0,79.661,9.776597514724464e-18,1.5310782387061e-19,265.3651600417992,259.94934683659596,240.4295001876471,19.519846648948857,1.807758165854773,3.6080550393484483,58.25131460398889,7.4081139788846455,7.4081139788846455,11.016169018233093
2000-11-01,5.19,116.1676,14.8035,27.6409731289218,0,116.1676,1.4377340791662528e-19,9.334415953984722e-21,356.59710018764713,341.1161174617716,330.4070773662877,10.709040095483886,5.167436888567517,10.313545837308032,56.26344494183867,7.15530655071774,7.15530655071774,17.468852388025773
2000-12-01,4.2637,146.0597,10.7726,63.6800998615874,0,146.0597,8.617026742367928e-21,7.17389211616794e-22,476.4667773662877,416.6312477524023,407.07178165257903,9.559466099823283,19.972654737025323,39.862874876860076,67.63465845532664,8.60144122353736,8.60144122353736,48.46431610039744
2001-01-01,4.3762,157.5421,11.7966,129.156770655335,0,157.5421,6.637839709866566e-22,5.360524063013745e-23,564.613881652579,438.9950972215836,427.97715204852705,11.017945173056546,41.9306159085598,83.68816852243565,97.20342385538,12.361850508506459,12.361850508506459,96.05001903094211
2001-02-01,4.4455,46.245,23.1478,56.1657680661965,0,46.245,4.966851593912737e-23,3.9367246910100855e-24,474.22215204852705,415.7401821301373,395.51287876829775,20.227303361839574,19.5208465782518,38.961123340137924,103.55469649524319,13.169573938388611,13.169573938388611,52.13069727852653
2001-03-01,8.6775,157.2335,35.3763,117.284261823073,0,157.2335,3.83636691307633e-24,1.003577779337555e-25,552.7463787682977,437.07456421337986,404.9961639139302,32.07840029944964,38.61039134806078,77.0614232068571,126.12511921591859,16.039968627385402,16.039968627385402,93.1013918342425
2001-04-01,9.0235,24.3224,61.9213,34.2813307127102,0,24.3224,9.801139847455061e-26,2.346379459204886e-27,429.31856391393023,393.4595293174061,344.31426989305453,49.14525942435159,11.969479033962145,23.889555562561966,122.5138881251776,15.580710124703144,15.580710124703144,39.47026568726511
2001-05-01,12.4309,68.3194,73.4963,27.7868406557878,0,68.3194,2.3229765974222824e-27,2.3402861782603553e-29,412.6336698930545,383.02511366016955,326.9267737204689,56.09833993970068,9.883115846341223,19.725440386543728,117.45913263981967,14.937871331699153,14.937871331699153,34.66331171824288
2001-06-01,17.9771,22.6117,109.3572,18.440855864813,0,22.6117,2.3344526451897565e-29,5.833533070598764e-32,349.53847372046886,335.2635011412384,264.8813671940917,70.38213394714671,4.764879671747928,9.510092907482523,108.43392254528432,13.790089766283293,13.790089766283293,23.300182673765818
2001-07-01,20.3059,7.0803,106.0929,13.1939332212134,0,7.0803,5.825409769078979e-32,8.123301519785555e-35,271.9616671940917,266.1095386905106,211.72895771737234,54.38058097313825,1.9533969672026907,3.8987315363784365,97.93272064646271,12.45459886602431,12.45459886602431,16.353330402402747
2001-08-01,21.5979,27.4735,99.4939,14.226699930417,0,27.4735,8.115112201626806e-35,8.189318158748327e-38,239.20245771737234,235.24586486443064,189.85282476045197,45.39304010397868,1.3206812657416227,2.635911587200074,88.055002382583,11.19839952962134,11.19839952962134,13.834311116821414
2001-09-01,16.9756,82.1314,64.1171,14.91972455173,0,82.1314,8.163096895879898e-38,2.622126286842864e-40,271.984224760452,266.13055080368156,231.7901034885137,34.340447315167864,1.9539128279824178,3.8997611287880036,79.85353741658994,10.155377793975475,10.155377793975475,14.05513892276348
2001-10-01,13.0944,79.5069,37.068600000000004,15.6361372153253,0,79.5069,2.5999707999135453e-40,2.2155486929318933e-42,311.2970034885137,302.08143083400927,278.891820068849,23.189610765160296,3.076089607965578,6.139483046538878,73.57297951049924,9.356647514056283,9.356647514056283,15.49613056059516
2001-11-01,4.3854,14.3184,17.4582,15.1314478818647,0,14.3184,2.0503773236265632e-42,1.6517136930533011e-43,293.21022006884897,285.72191155783185,275.1733804320155,10.54853112581634,2.499541684012538,4.988766827004586,67.48953593507171,8.582985259440065,8.582985259440065,13.57175208644465
2001-12-01,1.4113,27.4497,12.3949,14.9529601907627,3.759620497112311,23.690079502887688,1.3927034797379319e-43,3.759620497112311,298.8634599349032,290.8720329628997,283.2063588426179,7.665674120281835,2.6674788841668073,5.323948087836659,62.24145458034264,7.9155602388958926,7.9155602388958926,13.239508326732551
2002-01-01,3.8627,40.6736,14.7646,13.7681712067241,0,40.6736,3.4402076367890504,0.31941286032326044,327.3201664794069,316.2516561387794,306.34889063506057,9.902765503718854,3.6945864257086227,7.373923914918861,58.49671785579393,7.439323150257342,7.439323150257342,14.813247065176203
2002-02-01,5.0117,29.9263,25.1637,12.9643611219686,0,29.9263,0.29905172313792316,0.020361137185337275,336.5742423581985,324.2700252816435,307.1559859397394,17.11403934190406,4.107056143151712,8.197160933403293,55.54041838799696,7.063355610948687,7.063355610948687,15.26051654435198
2002-03-01,6.499,87.0253,35.9693,22.9178195374868,0,87.0253,0.01946626668464562,8.948705006916538e-4,394.20075220642406,370.286501213439,342.6717763098569,27.6147249035821,7.982399110688519,15.931851882296527,56.3557695598477,7.167047938837778,7.167047938837778,23.098899821134307
2002-04-01,8.9395,68.3314,59.4593,24.658382263129,0,68.3314,8.735042584609748e-4,2.1366242230678968e-5,411.0040498141154,381.94788517081645,336.018328650048,45.92955652076847,9.698731642346846,19.35743300095208,58.60181261982896,7.4526885823655835,7.4526885823655835,26.810121583317667
2002-05-01,11.544,78.408,65.5253,24.4983588159341,0,78.408,2.1100231761292074e-5,2.6601046938689357e-7,414.42634975027977,384.19856724820306,333.609281302151,50.58928594605209,10.08980896928123,20.137973532795478,60.94139632657607,7.750225262534123,7.750225262534123,27.8881987953296
2002-06-01,17.7288,46.8729,95.4706,13.5755275952934,0,46.8729,2.653049289447319e-7,7.055404421616594e-10,380.4821815674559,360.08540954499705,293.13355480317955,66.9518547418175,6.808290792831091,13.588481229627742,60.10573688945869,7.6439502299484685,7.6439502299484685,21.232431459576212
2002-07-01,20.419,6.1689,103.3217,10.4427608790562,0,6.1689,7.045853563550582e-10,9.550858066012787e-13,299.30245480388413,291.27062916907016,233.13622490569855,58.13440426337161,2.680963657333492,5.350861977480478,55.70270600027158,7.083994546520608,7.083994546520608,12.434856524001086
2002-08-01,20.2304,45.1499,89.4854,8.81790741523184,0,45.1499,9.5373048889334e-13,1.355317707938655e-15,278.2861249056995,271.985698679424,224.2884665951406,47.6972320842834,2.103035412663902,4.197390813611631,51.28373032841232,6.522011084523167,6.522011084523167,10.719401898134798
2002-09-01,16.2197,52.7317,58.0216,10.8631301653411,0,52.7317,1.3500753965175612e-15,5.242311421093715e-18,277.0201665951406,270.8119338117881,238.98576572278657,31.826168089001527,2.0722619271378075,4.135970856214707,47.3360301477973,6.019962107752831,6.019962107752831,10.155932963967537
2002-10-01,10.8637,94.6038,30.4499,11.3499707296915,0,94.6038,5.164943563278071e-18,7.73678578156437e-20,333.5895657227866,321.69842498293076,301.26894320139866,20.429481781532104,3.9691743343640846,7.921966405491729,45.5166252831494,5.7885791990119895,5.7885791990119895,13.710545604503718
2002-11-01,6.6202,102.0376,15.2356,26.9485639824057,0,102.0376,7.406903642191969e-20,3.2988213937240155e-21,403.30654320139865,376.7280006942182,364.56137146178673,12.16662923243149,8.87171980150868,17.706822705671748,48.25190637042972,6.1364387142283645,6.1364387142283645,23.843261419900113
2002-12-01,5.0537,98.045,9.7087,41.0367820835194,0,98.045,3.0907329020512728e-21,2.0808849167274275e-22,462.60637146178675,410.79946288317143,402.2949748808363,8.504488002335108,17.292760751184233,34.51414782743109,58.149501260063616,7.3951658615503435,7.3951658615503435,41.909313688981435
2003-01-01,2.4067,117.7587,11.5704,88.6591444939029,0,117.7587,1.8264660237535851e-22,2.5441889297384236e-23,520.0536748808363,430.3278547351041,419.73196797444547,10.59588676065863,29.949811396860696,59.776008748871504,78.15938835800762,9.939924298916695,9.939924298916695,69.7159330477882
2003-02-01,3.5269,80.672,20.3413,44.0187574745153,0,80.672,2.3091071281659263e-23,2.3508180157249737e-24,500.40396797444544,424.94299344564155,406.7200499138332,18.22294353180837,25.188312029806326,50.27266249899756,91.68735608612371,11.66034430169024,11.66034430169024,61.9330068006878
2003-03-01,7.6134,79.2158,42.7269,49.3820048547296,0,79.2158,2.2726236802481022e-24,7.819433547687152e-26,485.9358499138332,420.17245298409523,383.21664879574297,36.95580418835226,21.951332756429792,43.81206417330816,100.81724982722481,12.821439015328703,12.821439015328703,56.633503188636865
2003-04-01,9.6213,46.4333,57.426,47.4291033241559,0,46.4333,7.661994227780452e-26,1.5743931990669973e-27,429.64994879574294,393.65539556721126,347.8386191780564,45.81677638915488,12.01471414535812,23.979839083173566,100.10154478358125,12.730419189001708,12.730419189001708,36.710258272175274
2003-05-01,14.2189,66.8096,82.1772,29.6406507440602,0,66.8096,1.5643506870486332e-27,1.0042512018364132e-29,414.64821917805637,384.3429490519396,321.9724390683487,62.37050998359092,10.115673761843956,20.189596364272784,97.78181155144593,12.435406993979278,12.435406993979278,32.62500335825206
2003-06-01,19.6778,43.7952,101.3464,19.0267878714649,0,43.7952,1.0026149786154729e-29,1.63622322094033e-32,365.76763906834873,348.56176116428014,280.1826663914856,68.37909477279453,5.743194069525345,11.46268383454324,91.84465661615414,11.680349004817138,11.680349004817138,23.14303283936038
2003-07-01,21.5825,4.5133,112.6369,15.7419988803926,0,4.5133,1.6345673371352865e-32,1.6558838050434994e-35,284.6959663914856,277.908876198435,218.02106468618356,59.88781151225143,2.265480225036626,4.521609968014005,83.49203316080293,10.618103680387843,10.618103680387843,15.139713648401848
2003-08-01,22.1727,43.0677,100.67,15.9451055633707,0,43.0677,1.6544379222936663e-35,1.445882749833064e-38,261.0887646861836,255.93985701145107,206.03092431370635,49.90893269774472,1.71866708498872,3.430240589743807,75.59668755537278,9.614012690418884,9.614012690418884,13.04425328016269
2003-09-01,17.7362,53.8115,62.9117,15.3234760184984,0,53.8115,1.4420549187419539e-38,3.827831091110075e-41,259.8424243137064,254.7690524416352,222.47172592528912,32.29732651634609,1.6934537958848264,3.379918076186337,68.56977644811907,8.720364903138538,8.720364903138538,12.100282979324875
2003-10-01,10.9527,184.4193,28.4848,20.6553341840707,0,184.4193,3.7725817790322356e-41,5.524931207783946e-43,406.8910259252891,379.18535441147867,356.61195318316334,22.573401228315333,9.247947080497843,18.4577244333126,69.03783345160068,8.779890077016235,8.779890077016235,27.237614510328832
2003-11-01,7.4447,54.3494,17.7704,33.0393025725595,0,54.3494,5.333240679937943e-43,1.9169052784600311e-44,410.96135318316334,381.91952795083927,367.57213828444685,14.347389666392417,9.693945253617922,19.34787997870615,69.84875911462903,8.883019590589571,8.883019590589571,28.230899569295723
2003-12-01,3.68,42.9874,11.3054,28.9026964625733,0,42.9874,1.746435788370535e-44,1.7046949008949623e-45,410.55953828444683,381.65232809598797,372.46758934791546,9.184738748072505,9.649011753223109,19.25819843523575,70.5283271738216,8.969443694030545,8.969443694030545,28.227642129266297
2004-01-01,4.4056,40.3231,15.0148,25.1606096974019,0,40.3231,1.578248401673243e-45,1.2644649922171927e-46,412.7906893479155,383.12838165428184,370.9314823864483,12.196899267833544,9.901057684143476,19.76125000949016,71.35483055343981,9.074554304525263,9.074554304525263,28.83580431401542
2004-02-01,4.8054,55.8849,24.5168,29.438159535879,0,55.8849,1.179594532094359e-46,8.487046012283362e-48,426.8163823864483,391.96596156017927,371.79700920181585,20.168952358363413,11.632811259375604,23.21760956689344,73.6244487016809,9.36319311113451,9.36319311113451,32.58080267802795
2004-03-01,5.5061,64.4362,34.0873,33.6110786588826,0,64.4362,8.008940124701112e-48,4.7810588758224964e-49,436.23320920181584,397.45128012599764,369.30526894399384,28.146011182003804,12.94511947108048,25.83680960473772,76.80223936761975,9.76732880514164,9.76732880514164,35.60413840987936
2004-04-01,8.2272,102.2374,55.0027,45.6953108212796,0,102.2374,4.644652776298785e-49,1.3640609952371164e-50,471.5426689439938,414.64985737827874,368.3077004117183,46.342156966560424,18.990397340060966,37.90241422565411,84.9847027005686,10.807934007112113,10.807934007112113,48.71034823276622
2004-05-01,11.3187,105.756,66.5198,62.5143905962528,0,105.756,1.3460943284852403e-50,1.796666675187615e-52,474.0637004117183,415.6765152318365,360.16974936319025,55.506765868646255,19.489208137533144,38.89797704234864,92.68650031667717,11.787410521424587,11.787410521424587,50.68538756377323
2004-06-01,18.8378,33.15,101.4421,29.5452521505402,0,33.15,1.7930552788723647e-52,3.61139631525021e-55,393.3197493631902,369.6487334222188,297.07163776079574,72.57709566142307,7.901209059473809,15.769806881497606,89.2387647993196,11.348944576831386,11.348944576831386,27.118751458328994
2004-07-01,20.8408,29.2565,107.042,29.2898301098254,0,29.2565,3.606996884752964e-55,4.399430497245772e-58,326.32813776079576,315.38444038000677,250.42168131509882,64.96275906490794,3.652924788055432,7.290772592733558,82.41105886903304,10.480630718341986,10.480630718341986,17.771403311075545
2004-08-01,20.8508,17.0287,94.6779,28.0330305745491,0,17.0287,4.3940844601425226e-58,5.346037103249378e-61,267.4503813150988,261.89995112334344,213.5685134515952,48.33143767174823,1.8526923147040357,3.6977378770513316,74.7565793040792,9.507171879657882,9.507171879657882,13.204909756709213
2004-09-01,18.8853,36.7275,70.9369,27.8083822736794,0,36.7275,5.3354181418354885e-61,1.0618961413889583e-63,250.2960134515952,245.7693598600145,210.93372679793063,34.83563306208387,1.5109633002692864,3.0156902913114103,67.66255379014751,8.60498881420097,8.60498881420097,11.62067910551238
2004-10-01,12.18,92.5834,33.4945,14.1109906685992,0,92.5834,1.0506190900406478e-63,1.1277051348310575e-65,303.51712679793064,295.0872703443724,274.5407478332883,20.546522511084106,2.8138233841341638,5.616033069424052,62.52478444503692,7.951592729244762,7.951592729244762,13.567625798668814
2004-11-01,5.9558,30.8132,19.2838,13.9312720279035,0,30.8132,1.0709330902533084e-65,5.6772044577749095e-67,305.3539478332883,296.74469996713117,284.66722858260744,12.077471384523733,2.873702903372083,5.735544962785065,58.01981441780069,7.3786729306083245,7.3786729306083245,13.11421789339339
2004-12-01,2.9492,39.9325,9.4082,13.9318875027004,0,39.9325,5.0711229654785645e-67,6.06081492296345e-68,324.59972858260744,313.8701287719699,307.5713860442009,6.298742727769024,3.5814606115659005,7.148139199071623,54.65102772274898,6.950247306617613,6.950247306617613,14.098386505689236
2005-01-01,1.8,13.5252,15.2283,13.1557737838054,0.661148451918746,12.864051548081253,5.1984164424493575e-68,0.661148451918746,320.43543759228214,310.20461605768014,300.1911163924788,10.013499665201323,3.414972132866542,6.815849401735459,51.5146247597241,6.551375095891424,6.551375095891424,13.367224497626882
2005-02-01,2.1332,33.0139,20.1112,12.1587046128223,0,33.0139,0.5745924890445078,0.08655596287423828,333.7796088815233,321.8625900868306,308.2128457054369,13.649744381393702,3.9778122365913737,7.93920655810132,49.23142761643779,6.2610093798776845,6.2610093798776845,14.200215937979005
2005-03-01,6.0129,31.7264,40.6759,14.0082063775163,0,31.7264,0.08226024219582476,0.004295720678413523,340.0215059476327,327.2220242536078,299.76340638921914,27.458617864388657,4.2723717887559545,8.52710990526895,47.467160755547596,6.036638649646155,6.036638649646155,14.563748554915104
2005-04-01,9.2655,21.9186,60.1238,13.8543376782906,0,21.9186,0.004201182590410399,9.45380880031238e-5,321.6862075718096,311.3080576934405,273.4811453433578,37.826912350082694,3.4641492382088943,6.914000640160178,45.18491594691476,5.746394046841738,5.746394046841738,12.660394687001915
2005-05-01,14.446,34.0779,86.1198,9.24381597468884,0,34.0779,9.396834711913649e-5,5.697408839873126e-7,307.55913931170494,298.7296082161664,248.1353396954745,50.59426852069191,2.9472318069045134,5.882299288634014,42.70157297873181,5.430574775087463,5.430574775087463,11.312874063721477
2005-06-01,19.4947,71.1227,110.8153,8.02948420039887,0,71.1227,5.687691248600702e-7,9.717591272423643e-10,319.2580402642436,309.16400036767556,243.49473937307616,65.6692609945994,3.3693154394530245,6.724724457115038,40.87287802003445,5.1980103981503945,5.1980103981503945,11.922734855265432
2005-07-01,21.933,8.4856,113.3713,8.50524621840503,0,8.4856,9.708582024414233e-10,9.009248009410041e-13,251.98033937404702,247.36118036708032,193.74938916331874,53.611791203761584,1.5418409198831178,3.0773180870835795,37.62922081617627,4.7854981237412915,4.7854981237412915,7.862816210824871
2005-08-01,21.6227,6.5458,100.9003,8.33599064925665,0,6.5458,9.000221685345884e-13,9.026324064156927e-16,200.29518916331963,197.88834216540474,159.2205745411222,38.66776762428253,0.8033876261211331,1.603459371793764,34.096397330026974,4.33621111227044,4.33621111227044,5.939670484064203
2005-09-01,16.9092,34.094,64.7531,8.72250882171185,0,34.094,8.996939008785926e-16,2.938505537100165e-18,193.3145745411222,191.12506176955543,166.23506435054102,24.889997419014406,0.7308430778669404,1.458669693699828,30.897809828307786,3.929430579586134,3.929430579586134,5.388100273285962
2005-10-01,12.8373,69.1223,36.4607,12.3568874974251,0,69.1223,2.9120284501409335e-18,2.647708695923166e-20,235.35736435054102,231.5834073554795,214.0858927658673,17.497514589612194,1.2597187748005447,2.5142382202609803,28.529311874563607,3.628216728544729,3.628216728544729,6.142454948805709
2005-11-01,5.5098,57.0956,15.7225,11.8245017981039,0,57.0956,2.498691636270595e-20,1.4901705965257115e-21,271.1814927658673,265.382586030138,256.5426263271976,8.839959702940405,1.93563193694963,3.863274798779674,27.027695255029847,3.4372485564833934,3.4372485564833934,7.300523355263067
2005-12-01,2.6767,97.9033,10.4686,13.1680832797435,0,97.9033,1.3198682598070453e-21,1.7030233671866616e-22,354.4459263271976,339.3431775804967,331.77431380516884,7.568863775327827,5.041185199569126,10.061563547131785,28.450665573501727,3.618214881097252,3.618214881097252,13.679778428229037
2006-01-01,2.5662,32.627,12.0091,12.2024033234024,0,32.627,1.5029435202325414e-22,2.0007984695412014e-23,364.40131380516885,347.4644568112058,338.58868908856925,8.875767722636567,5.653396890671067,11.283460103291967,30.256225415778292,3.8478370483945006,3.8478370483945006,15.131297151686468
2006-02-01,3.5067,68.0798,22.8957,10.940064514954,0,68.0798,1.8149896517347682e-23,1.8580881780643318e-24,406.66848908856923,379.03412875013873,360.7886405969128,18.24548815322595,9.224143940558315,18.410216397872183,35.02594319953489,4.454426156801718,4.454426156801718,22.8646425546739
2006-03-01,7.4379,71.4022,39.1171,29.5612544952597,0,71.4022,1.7935110919610385e-24,6.457708610329326e-26,432.1908405969128,395.1420142706035,363.2018064629243,31.9402078076792,12.366622663864144,24.682203662445122,42.04543541701201,5.347130446387027,5.347130446387027,30.02933410883215
2006-04-01,10.6667,72.0017,66.0207,20.6830305499313,0,72.0017,6.357591912273834e-26,1.0011669805549287e-27,435.20350646292434,396.8695949081505,344.2441933934911,52.62540151465936,12.795574554845961,25.538336999927903,48.65349872850482,6.187511243353152,6.187511243353152,31.725848243281057
2006-05-01,15.5308,24.9179,89.8476,12.980363466688,0,24.9179,9.965666484419927e-28,4.600332112936012e-30,369.1620933934911,351.2686986981422,289.4418885707452,61.82681012739698,5.972682060803398,11.92071263454549,48.462907939505975,6.163272849802248,6.163272849802248,18.08398548434774
2006-06-01,18.6594,73.683,105.6176,9.38537517797657,0,73.683,4.5906634248873256e-30,9.668688048686152e-33,363.1248885707452,346.4354459753414,275.92237355382326,70.51307242151813,5.570811804664822,11.118630790738997,47.93729211439491,6.096427629775889,6.096427629775889,17.215058420514886
2006-07-01,22.0417,27.0176,110.1663,9.47584997312134,0,27.0176,9.65996446795571e-33,8.723580730442481e-36,302.9399735538233,294.5657305923944,232.32193143578854,62.24379915660586,2.795260014106571,5.578982947322306,45.00858320706501,5.723968921436474,5.723968921436474,11.302951868758779
2006-08-01,20.428,5.4248,92.6064,8.98223918600499,0,5.4248,8.711798214391347e-36,1.1782516051133582e-38,237.74673143578855,233.86014770467347,191.55632934900598,42.30381835566749,1.2973127415937082,2.589270989521373,41.081370507517214,5.224525441141505,5.224525441141505,7.813796430662878
2006-09-01,16.9092,107.3912,58.6395,9.71773156830429,0,107.3912,1.1744158256298016e-38,3.8357794835566316e-41,298.947529349006,290.94838104558187,256.4141332981504,34.53424774743149,2.670056207164871,5.329092096259265,38.81511272541101,4.9363139892710715,4.9363139892710715,10.265406085530337
2006-10-01,12.7397,143.0064,36.3742,19.2009672389885,0,143.0064,3.80036387107492e-41,3.5415612481711397e-43,399.4205332981504,374.01317162378643,345.818683563399,28.194488060387414,8.480788350589652,16.92657332377433,41.95967696520393,5.336224110796732,5.336224110796732,22.262797434571063
2006-11-01,8.8607,60.3413,18.71,16.8160024009887,0,60.3413,3.455319244113676e-43,8.624200405746361e-45,406.159983563399,378.68790348026386,363.72477885970886,14.963124620554993,9.169975998358,18.302104084777156,45.36088060245609,5.768772361105844,5.768772361105844,24.070876445883002
2006-12-01,2.0613,49.9299,10.5544,26.8051583547272,0,49.9299,7.474661248006034e-45,1.149539157740327e-45,413.65467885970884,383.6949406219611,375.0674878786623,8.627452743298818,10.000337787523021,19.95940045022471,49.11501392712357,6.246204462855552,6.246204462855552,26.20560491308026
2007-01-01,3.0199,23.0868,14.8224,14.322098523937,0,23.0868,1.0289679447579194e-45,1.205712129824076e-46,398.1542878786623,373.1174322172367,361.3890214093833,11.728410807853379,8.357116199241416,16.679739462184173,50.98775918719333,6.484370939171654,6.484370939171654,23.164110401355828
2007-02-01,4.9244,117.607,20.6968,44.4994432908967,0,117.607,1.1271574031579434e-46,7.855472666613261e-48,478.9960214093833,417.611257234585,399.396665496035,18.21459173855004,20.48977771047351,40.89498646432474,63.412986966357124,8.06454993130973,8.06454993130973,48.959536395634466
2007-03-01,4.947,71.0488,36.2815,26.2500000879206,0,71.0488,7.346555501932462e-48,5.089171646807993e-49,470.445465496035,414.19493910054734,383.04790518082086,31.147033919726482,18.776007327464058,37.47451906802361,72.91590967094736,9.273084622873832,9.273084622873832,46.74760369089744
2007-04-01,8.5862,102.9672,58.2814,39.6827375303324,0,102.9672,4.956439391891301e-49,1.3273225491669246e-50,486.01510518082085,420.2006434695196,370.6105963291507,49.59004714036888,21.968377800703095,43.84608391059815,84.17883919763686,10.705448274013605,10.705448274013605,54.55153218461176
2007-05-01,11.9415,81.695,75.8217,29.7643611782377,0,81.695,1.312360661572981e-50,1.4961887593943546e-52,452.3055963291507,405.9420855618786,344.75553058136654,61.186554980512085,15.475795048970268,30.88771571830182,88.41096513530617,11.243669111300965,11.243669111300965,42.13138482960279
2007-06-01,15.9011,41.8033,95.075,18.193434996458,0,41.8033,1.4899217294005005e-52,6.267029993854102e-55,386.5588305813665,364.67355544498514,297.1217732412725,67.55178220371266,7.305142060985708,14.580133075395674,84.91680773497697,10.799299461314913,10.799299461314913,25.37943253671059
2007-07-01,19.1928,4.0003,112.024,12.758177065006,0,4.0003,6.255502805033756e-55,1.1527188820346285e-57,301.12207324127246,292.9206858514578,230.1015919314767,62.8190939199811,2.737562109976705,5.463825279837965,77.76464682156292,9.889723023390767,9.889723023390767,15.353548303228731
2007-08-01,19.056,12.9052,95.0285,11.7438745997096,0,12.9052,1.1505248709105534e-57,2.1940111240751204e-60,243.0067919314767,238.8621270864842,194.63503451458465,44.22709257189956,1.383458297835668,2.7612065471568226,70.21811293713054,8.929992182268052,8.929992182268052,11.691198729424874
2007-09-01,16.714,40.9425,65.6181,10.9886870239094,0,40.9425,2.1865113308399634e-60,7.499793235157003e-63,235.57753451458464,231.79331658639802,201.2317260419019,30.561590544496113,1.2631437979583524,2.5210741302282687,63.41628710808275,8.064969627006146,8.064969627006146,10.586043757234414
2007-10-01,10.5499,28.9802,37.362,12.0319168046602,0,28.9802,7.380075210674757e-63,1.197180244822455e-64,230.2119260419019,226.67117788181244,209.13825923151697,17.53291865029547,1.1818754002607461,2.358872759828718,57.30978731201799,7.288375196325506,7.288375196325506,9.647247956154224
2007-11-01,5.548,37.5679,22.1019,12.13531657054,0,37.5679,1.1304415725200785e-64,6.673867230237646e-66,246.70615923151698,242.3712826627376,231.09924507344928,11.272037589288317,1.4469495564682036,2.887927012311175,52.12742843337417,6.62930843511203,6.62930843511203,9.517235447423205
2007-12-01,2.7625,11.7048,12.29,12.2399472860135,0,11.7048,5.927339420869116e-66,7.465278093685295e-67,242.8040450734493,238.6695933099338,232.43219900317393,6.237394306759853,1.3800492472020842,2.754402516313416,47.470424024527105,6.037053656049157,6.037053656049157,8.791456172362572
2008-01-01,4.8869,69.0989,16.1207,11.6829425948161,0,69.0989,6.974317717223785e-67,4.9096037646150956e-68,301.53109900317395,293.291123057572,283.27836262961904,10.01276042795297,2.750442682882351,5.48953326271959,44.55462938678944,5.666237320620014,5.666237320620014,11.155770583339603
2008-02-01,5.0613,43.4123,25.8269,10.755422075883,0,43.4123,4.600495588296337e-68,3.0910817631875875e-69,326.69066262961906,315.70151857437884,298.6126736723352,17.08884490204366,3.6680945499614035,7.321049505278814,42.78192978112031,5.440794155630541,5.440794155630541,12.761843660909355
2008-03-01,5.5953,29.668,40.353,10.7006448189587,0,29.668,2.920790382836026e-69,1.7029138035156136e-70,328.2806736723352,317.08995353589245,290.68373764579655,26.406215890095893,3.7353791465728157,7.45534098986992,41.26893053079028,5.248378396902851,5.248378396902851,12.703719386772772
2008-04-01,8.6151,189.9447,60.2773,42.5816238237464,0,189.9447,1.6588193394104023e-70,4.409446410521136e-72,480.62843764579657,418.2304118452911,367.28990744478426,50.940504400506825,20.8279969046399,41.570028895865576,55.09075747463666,7.006169960793517,7.006169960793517,48.57619885665909
2008-05-01,11.1309,122.8913,65.3646,18.778136053516,0,122.8913,4.3485755880548573e-72,6.087082246627865e-74,490.18120744478426,421.6497070405279,366.2558475473409,55.393859493186994,22.875305107467298,45.65619529678905,69.1694359504227,8.796626631681265,8.796626631681265,54.452821928470314
2008-06-01,15.5885,59.9816,90.6633,22.452520591028,0,59.9816,6.0595128821401715e-74,2.7569364487693678e-76,426.23744754734093,391.61672580447777,322.12159685753096,69.4951289469468,11.55613941380357,23.0645823290596,71.61760296458193,9.107972399644337,9.107972399644337,32.172554728703936
2008-07-01,19.049,9.7375,108.087,12.7926436536326,0,9.7375,2.7516798813947635e-76,5.2565673746042624e-79,331.859096857531,320.20099402636373,253.67428427846767,66.52670974789606,3.891388013746389,7.766714817420852,66.98958677894521,8.519404199383118,8.519404199383118,16.28611901680397
2008-08-01,19.7697,13.6486,96.7117,11.9303634631712,0,13.6486,5.248197404671012e-79,8.369969933250578e-82,267.32288427846765,261.78077115657607,212.53788270309087,49.24288845348519,1.8499161386446796,3.6921969832469093,61.07259274383477,7.766910173755117,7.766910173755117,11.459107157002027
2008-09-01,15.2528,39.5878,60.0013,11.4546014451651,0,39.5878,8.328741969294268e-82,4.12279639563099e-84,252.1256827030909,247.4984641105337,217.48242663479823,30.01603747573546,1.5445311496071852,3.0826874429500135,55.55226206256159,7.064861830880376,7.064861830880376,10.14754927383039
2008-10-01,10.5133,146.4702,33.4745,9.60079135689269,0,146.4702,4.056379866216783e-84,6.641652941420678e-86,363.9526266347982,347.10316728129186,322.9487661208558,24.154401160436066,5.624224208337743,11.225235145168604,54.27416633141838,6.902319939480959,6.902319939480959,18.127555084649565
2008-11-01,3.9215,51.3476,16.291,18.530099710364,0,51.3476,6.085620609052748e-86,5.560323323679294e-87,374.2963661208558,355.30904457968734,343.05312793275726,12.255916646930075,6.337826705466945,12.64949483570151,53.77336281125265,6.838630225632676,6.838630225632676,19.488125061334188
2008-12-01,2.531,61.1077,10.4684,28.5500294039478,0,61.1077,4.9012938897600115e-87,6.590294339192827e-88,404.1608279327573,377.31779197481853,368.90208419417513,8.415707780643402,8.960005748107447,17.883030209831304,55.655391266570525,7.0779772927895825,7.0779772927895825,24.961007502620888
2009-01-01,1.0371,116.9072,11.4365,64.5522276487992,25.023298185117678,91.88390181488232,5.455498648668581e-88,25.023298185117678,460.78598600905747,409.9740218647871,399.9946928513864,9.97932901340073,16.96065569925392,33.85130844501643,64.42304309373188,8.193003872092563,8.193003872092563,42.04431231710899
2009-02-01,3.6664,58.9698,24.3393,62.1475676172985,0,58.9698,22.790408579959248,2.23288960515843,481.7549014313456,418.6516199681308,397.2614427035252,21.390177264605597,21.06340599926179,42.03987546395305,75.84132466533144,9.645124427662228,9.645124427662228,51.68499989161528
2009-03-01,7.3717,52.5792,45.3706,29.1710434740231,0,52.5792,2.1539913512939384,0.07889825386449179,451.99463405481913,405.7883667184465,367.9954501719364,37.79291654651013,15.423308361290113,30.782958975082494,80.96757716892492,10.297055857696646,10.297055857696646,41.08001483277914
2009-04-01,7.5479,77.7535,58.5292,30.5490915442893,0,77.7535,0.07623056188021492,0.002667691984276868,445.82518073381664,402.6523418418077,354.9436907868038,47.708651055003884,14.410772508767336,28.762066383241603,84.61715816597446,10.7611915117178,10.7611915117178,39.5232578949594
2009-05-01,13.884,33.7708,91.3606,17.9318582077741,0,33.7708,0.0026491895709197643,1.8502413357103856e-5,388.7171399763747,366.2770610149215,300.82630469007756,65.45075632484395,7.490331451243381,14.949747510209816,81.71533732286686,10.392152294350986,10.392152294350986,25.341899804560803
2009-06-01,17.6517,17.5431,102.3921,13.3373388488919,0,17.5431,1.8452384209527602e-5,5.002914757625378e-8,318.36942314246176,308.3774107259608,247.32358300588814,61.05382772007263,3.3352594254724006,6.656752991028583,75.45464795191313,9.595948796426136,9.595948796426136,16.25270178745472
2009-07-01,19.9907,5.5071,112.6877,11.900205198123,0,5.5071,4.9953768897459635e-8,7.537867879414532e-11,252.83068305584192,248.16419520216232,194.66488721277884,53.49930798938348,1.5576389368907086,3.1088489167888897,68.32327129180192,8.68901559700193,8.68901559700193,11.79786451379082
2009-08-01,21.5367,6.9602,105.4805,11.6934056663635,0,6.9602,7.530151584722822e-11,7.716294691710445e-14,201.62508721285414,199.17499821251712,158.68201782680816,40.49298038570896,0.8178214849018227,1.6322675154351933,61.34015531852943,7.800937458174312,7.800937458174312,9.433204973609506
2009-09-01,17.2491,63.9267,62.6314,11.3715123475831,0,63.9267,7.693220953788153e-14,2.307373792229207e-16,222.60871782680823,219.3904641777409,191.69385882582148,27.69660535191943,1.0742291311494863,2.144024517917835,55.372396971192835,7.041987478486086,7.041987478486086,9.186011996403922
2009-10-01,13.1813,45.585,45.6606,10.4870750644333,0,45.585,2.2882967947214587e-16,1.9076997507748147e-18,237.2788588258215,233.41455091161345,211.54336348077607,21.87118743083738,1.2898772395944702,2.574430674613571,50.26927636240491,6.392997848382401,6.392997848382401,8.967428522995972
2009-11-01,8.0244,19.5702,21.5949,11.7814185623206,0,19.5702,1.8504412720461017e-18,5.725847872871305e-20,231.11356348077607,227.5328491926816,217.18804391332156,10.344805279360031,1.1952157965264876,2.385498491567982,45.65794111200035,5.806551046931052,5.806551046931052,8.192049538499035
2009-12-01,3.6725,292.6399,11.3187,50.4609321737009,0,292.6399,5.2156952001337116e-20,5.10152672737593e-21,509.8279439133216,427.67090979018735,417.3667396539443,10.304170136243044,27.42340691806266,54.733627205071564,64.83584593505302,8.245502095010009,8.245502095010009,62.979129300081574
