date,tas,pre,etp,qmmobs,snt,rt,mt,spt,Wi,Yi,Swi,eti,Rgi,Roi,Sgi,Qgi,Qbi,Qmmsim
1985-07-01,22.5613,21.4198,115.249,13.1280774179448,0,21.4198,0,0,21.4198,21.39194825093088,15.39021232618131,6.001735924749571,0.008355524720735374,0.019496224348382538,0.005570349813823583,0.0027851749069117914,0.0013925874534558957,0.020888811801838433
1985-08-01,20.8466,7.9095,106.8536,9.50908561215411,0,7.9095,0,0,23.29971232618131,23.26657622623543,17.145261429865716,6.121314796369713,0.009940829983764487,0.023195269962117137,0.010340786531725378,0.005170393265862689,0.0025851966329313446,0.02578046659504848
1985-09-01,19.1902,12.254,77.859,9.50293086418508,0,12.254,0,0,29.399261429865717,29.345548704202912,23.492626043106252,5.85292266109666,0.016113817698841616,0.037598907963963764,0.017636402820377997,0.008818201410188999,0.004409100705094499,0.04200800866905827
1985-10-01,12.6963,8.824,43.4007,15.3376319388272,0,8.824,0,0,32.316626043106254,32.25115690643361,28.489964876303222,3.7611920301303847,0.019640741001794026,0.04582839567085273,0.02485142921478135,0.012425714607390675,0.0062128573036953376,0.05204125297454806
1985-11-01,5.6227,83.7713,16.2132,15.3400938380148,8.619134825159632,75.15216517484036,0,8.619134825159632,103.64213005114358,102.78738035626716,98.13451678403638,4.652863572230785,0.2564249084629253,0.5983247864134924,0.18751755845180443,0.09375877922590221,0.04687938961295111,0.6452041760264435
1985-12-01,3.9448,109.7109,11.645,24.8811841396079,48.98172264907751,60.729177350922484,6.511831317475695,51.08902615676145,165.37552545243454,162.5560714869841,157.2365829652714,5.319488521712714,0.8458361896351306,1.9736177758153046,0.6889024987246234,0.3444512493623117,0.17222562468115585,2.1458434004964606
1986-01-01,1.8405,92.9821,12.5071,32.3425851024651,64.89168024441766,28.090419755582346,28.202505054829004,87.7782013463501,213.52950777568276,207.487757437298,200.20418408724512,7.283573350052876,1.8125251015154276,4.229225236869331,1.667618400160034,0.833809200080017,0.4169046000400085,4.646129836909339
1986-02-01,1.7117,183.5107,17.611,0,130.08831724007663,53.42238275992338,46.97109019918424,170.8954283872425,300.59765704635277,278.77508383633347,265.0949762516094,13.680107584724055,6.5467719630057895,15.27580124701351,5.476260242110548,2.738130121055274,1.369065060527637,16.644866307541147
1986-03-01,5.9479,46.0077,38.5004,59.0652698344074,0.6846393523125589,45.32306064768744,147.41787838946811,24.162189350086948,457.83591528876497,332.3864204938649,297.7627612869366,34.62365920692827,37.63484843847002,87.81464635643006,28.740739120387047,14.370369560193524,7.185184780096762,94.99983113652682
1986-04-01,4.9264,115.8892,44.2955,54.5015242153703,30.80129301165609,85.08790698834392,19.70847413326728,35.25500822847575,402.5591424085478,323.5170681346732,285.0581806225456,38.4588875121276,23.712622282162386,55.32945199171223,34.96890760169962,17.48445380084981,8.742226900424905,64.07167889213714
1986-05-01,14.9325,44.1364,87.8888,47.0727434167489,0,44.1364,34.89002212564198,0.3649861028337753,364.08460274818754,312.3162192244504,242.96206998346028,69.3541492409901,15.530515057121146,36.23786846661601,33.66628177254717,16.833140886273586,8.416570443136793,44.6544389097528
1986-06-01,18.1656,61.8386,106.9735,30.0505569587977,0,61.8386,0.3634958181090841,0.0014902847246912043,305.16416580156937,281.85070032258244,207.62611285171062,74.22458747087182,6.994039643696078,16.319425835290847,27.106880944162167,13.553440472081084,6.776720236040542,23.09614607133139
1986-07-01,21.2393,20.3313,113.3934,25.478194692604,0,20.3313,0.0014877721389487863,2.5125857424179807e-6,227.95890062384956,220.45558043346568,159.4475586795362,61.008021753929484,2.250996057115162,5.252324133268711,19.571918000851554,9.785959000425777,4.892979500212888,10.1453036334816
1986-08-01,20.1994,15.2353,102.1215,20.2183470782694,0,15.2353,2.506871798980983e-6,5.7139434369979285e-9,174.682861186408,171.39342928218974,128.01993008225347,43.373499199936276,0.9868295712654742,2.302602332952773,13.705831714744685,6.852915857372342,3.426457928686171,5.729060261638944
1986-09-01,17.4632,64.6952,62.0919,21.2308031191752,0,64.6952,5.685386436887811e-9,2.855700011011762e-11,192.71513008793886,188.3275816867906,157.71308645037544,30.614495236415166,1.3162645203444754,3.071283880803776,10.014730823392773,5.007365411696386,2.503682705848193,5.5749665866519695
1986-10-01,11.8558,51.2844,35.3037,21.8462779160783,0,51.2844,2.7840387737376972e-11,7.166123727406485e-13,208.99748645040327,203.3573519914855,183.84574650266188,19.51160548882362,1.6920403376753312,3.9480941212424394,7.804514107378736,3.902257053689368,1.951128526844684,5.8992226480871235
1986-11-01,5.3712,39.1061,19.3278,17.8580012321457,6.472944064344289,32.63315593565571,6.003924001385786e-13,6.472944064344405,216.4789024383182,210.161881460062,198.87088839686868,11.290993063193326,1.8951062934768543,4.421914684779327,6.466413600570394,3.233206800285197,1.6166034001425984,6.038518084921925
1986-12-01,2.0982,56.8851,11.2891,18.5251759119888,38.37691068082632,18.50818931917368,3.780495081399315,41.06935966377141,221.15957279744168,214.38178823201946,207.57732299820248,6.804465233816984,2.0333353696266667,4.744449195795556,5.6664993134647075,2.8332496567323537,1.4166248283661769,6.161074024161733
1987-01-01,1.5491,142.9896,12.6376,36.7567703458547,103.26632182113731,39.723278178862685,21.06206642772045,123.27361505718827,268.3626676047856,254.73870637948488,245.70482334737414,9.033883032110737,4.087188367590215,9.536772857710503,6.502458454036616,3.251229227018308,1.625614613509154,11.162387471219656
1987-02-01,3.0399,103.1336,20.2349,52.1762604326701,59.133236423444266,44.000363576555735,84.16926421265899,98.23758726797354,373.87445113658885,315.7195451993489,297.98415213022145,17.73539306912744,17.446471781171986,40.708434156067966,15.96595349013907,7.982976745069535,3.9914883725347674,44.699922528602734
1987-03-01,7.0215,24.3988,43.9522,33.2873389157115,0,24.3988,88.32869988391695,9.908887384056584,410.7116520141384,325.2453308426265,286.86222476354413,38.38310607908238,25.63989635145356,59.826424820058314,27.73723322772842,13.86861661386421,6.934308306932105,66.76073312699042
1987-04-01,10.8344,107.7213,62.4539,64.2968056080844,0,107.7213,9.575270558886798,0.33361682516978597,404.15879532243093,323.87092721189583,270.94215538496354,52.92877182693229,24.08636043316053,56.201507677374565,34.54906244059263,17.274531220296314,8.637265610148157,64.83877328752273
1987-05-01,13.3006,63.22,81.3602,29.959466688856,0,63.22,0.32809283189527383,0.00552399327451214,334.49024821685884,299.22378549376083,237.1597644496863,62.064021044074536,10.579938816929404,24.68652390616861,30.086000838348024,15.043000419174012,7.521500209587006,32.20802411575561
1987-06-01,18.0613,36.6054,103.8353,25.4357269316177,0,36.6054,0.005500750865161534,2.324240935060607e-5,273.77066520055143,259.02162212204394,192.5275490810112,66.49407304103275,4.424712923552249,10.324330154955248,23.00714250793352,11.50357125396676,5.75178562698338,16.07611578193863
1987-07-01,20.4325,83.2907,102.7641,24.5728312663594,0,83.2907,2.319298236867143e-5,4.9426981934640976e-8,275.81827227399356,260.6197033812787,194.30917096653823,66.31053241474049,4.559570667814449,10.638998224900382,18.377808783831977,9.188904391915989,4.594452195957994,15.233450420858375
1987-08-01,21.8804,10.8924,101.4173,22.376201716212,0,10.8924,4.93576883404158e-8,6.929359422517399e-11,205.20157101589592,199.87898403473625,149.59750525543978,50.281478779296464,1.5967760943479021,3.725810886811771,13.316389918786586,6.658194959393293,3.3290974796966464,7.054908366508418
1987-09-01,19.0337,13.792,72.8552,15.1468347517872,0,13.792,6.907320334244138e-11,2.203908827326077e-13,163.38950525550885,160.66288077081572,130.47094354606085,30.191937224754867,0.8179873454079398,1.9086371392851929,9.422918176129683,4.711459088064841,2.3557295440324206,4.264366683317613
1987-10-01,10.2577,177.8134,29.4122,15.6607562072014,0,177.8134,2.1163115083276437e-13,8.75973189984332e-15,308.28434354606105,283.8982414771142,261.01581834026064,22.88242313685356,7.315830620684056,17.070271448262798,11.159165864542492,5.579582932271246,2.789791466135623,19.86006291439842
1987-11-01,5.1963,48.3026,15.9611,17.0978898579703,9.973675735310762,38.328924264689235,7.265748650076757e-15,9.973675735310763,299.3447426049499,277.91526809603664,265.52609798696926,12.38917010906738,6.428842352673973,15.00063215623927,11.725338811477643,5.862669405738822,2.931334702869411,17.93196685910868
1987-12-01,5.0429,127.8941,11.3018,69.9702522859379,30.79053228597107,97.10356771402893,8.19588104878411,32.56832697249772,370.8255467497823,314.7049034365821,304.70513183691463,9.99977159966744,16.836192993960065,39.28445031924015,19.04102120362514,9.52051060181257,4.760255300906285,44.04470562014644
1988-01-01,4.0675,163.1717,10.2968,108.809173869716,69.60374977539077,93.56795022460922,24.88190525618411,77.29017149170438,423.154987317708,327.55420818325024,318.05812019119213,9.496087992058108,28.680233740337325,66.92054539412042,31.814169962641643,15.907084981320821,7.953542490660411,74.87408788478083
1988-02-01,3.6012,46.8332,22.648,61.203429278849,23.349884392429757,23.48331560757024,56.42943076862522,44.210625115508925,397.9708665673876,322.4596570343214,302.25452562922686,20.205131405094562,22.65336285991985,52.85784667314631,36.31168854837433,18.155844274187164,9.077922137093582,61.93576881023989
1988-03-01,6.3957,19.664,44.2607,31.6624854518871,0,19.664,38.871324658520265,5.33930045698866,360.78985028774713,311.0729960882236,274.12068233307934,36.952313755144246,14.91505625985706,34.80179793966647,34.15116320548759,17.075581602743796,8.537790801371898,43.33958874103837
1988-04-01,8.4141,132.3113,54.1542,40.8053635598839,0,132.3113,4.978564998822508,0.36073545816615216,411.41054733190185,325.38508801099016,278.74101285606906,46.6440751549211,25.807637796273507,60.21782152463818,39.97253400117407,19.986267000587034,9.993133500293517,70.2109550249317
1988-05-01,10.9816,117.6035,66.8404,60.4223917615789,0,117.6035,0.3490937878494927,0.01164167031665947,396.69360664391854,322.1537041111747,266.14897334587016,56.004730765304544,22.36197075982315,52.17793177292069,41.55633650733148,20.77816825366574,10.38908412683287,62.56701589975356
1988-06-01,14.6411,203.9711,80.7686,74.9322100985713,0,203.9711,0.011510604616295791,1.3106570036367816e-4,470.13158395048646,333.68025886378774,264.9167954105566,68.76346345323117,40.935397526009616,95.5159275606891,54.994489355560724,27.497244677780362,13.748622338890181,109.26454989957928
1988-07-01,21.1104,18.3487,109.4977,42.6105511392009,0,18.3487,1.3083637599482675e-4,2.2932436885141376e-7,283.2656262469326,266.31535559106123,194.7721828463352,71.54317274472604,5.085081196761405,11.865189459109944,40.05304703488142,20.02652351744071,10.013261758720356,21.8784512178303
1988-08-01,21.4663,18.6418,101.8821,24.1789273963414,0,18.6418,2.2896218247720341e-7,3.621863742103416e-10,213.41398307529738,207.38278679889405,155.00766741381517,52.375119385078875,1.8093588829210006,4.2218373934823346,27.908270611868286,13.954135305934143,6.977067652967071,11.198905046449406
1988-09-01,17.1135,14.64,70.5998,19.871219292816,0,14.64,3.6018460893523027e-10,2.0017652751113252e-12,169.64766741417534,166.61984027984965,136.18320811399738,30.436632165852274,0.908348140297707,2.119478994027983,19.21107916811066,9.60553958405533,4.802769792027665,6.922248786055649
1988-10-01,12.3098,68.4659,39.612,23.9942849572704,0,68.4659,1.9576848890223938e-12,4.4080386088931426e-14,204.64910811399935,199.37136754759558,178.03712773435223,21.334239813243357,1.5833221699211293,3.694418396482635,13.862934225354527,6.931467112677264,3.465733556338632,7.160151952821266
1988-11-01,7.1933,61.0653,19.9559,22.6771688918976,0,61.0653,3.9848620765359026e-14,4.2317653235724e-15,239.10242773435226,230.24838166812418,217.4875895546819,12.760792113442278,2.6562138198684235,6.197832246359655,11.012765363481968,5.506382681740984,2.753191340870492,8.951023587230146
1988-12-01,3.1963,25.0876,13.3891,24.397420949242,13.891633760084888,11.19596623991511,2.9484595502583743e-15,13.891633760084888,228.68355579459703,221.0987348819917,212.8004334791917,8.298301402800007,2.275446273781597,5.309374638823726,8.85880775817571,4.429403879087855,2.2147019395439274,7.524076578367653
1989-01-01,3.2209,23.1817,16.8062,21.4154455582461,12.762792679889843,10.418907320110156,9.70863758376345,16.94578885621128,232.9279783830653,224.84865383968327,214.30705262351094,10.541601216172324,2.4237973630146086,5.65552718036742,7.521736747460213,3.7608683737301063,1.8804341868650531,7.535961367232473
1989-02-01,4.3129,130.8075,24.7527,34.6413834688985,50.30965821417876,80.49784178582124,13.21911629501,54.03633077538004,308.0240107043422,283.7291152485975,264.3563393891854,19.372775859412116,7.288468636723399,17.006426819021264,9.873470256122408,4.936735128061204,2.468367564030602,19.474794383051865
1989-03-01,8.592,55.8016,47.9415,36.4151818335735,0,55.8016,50.56770900093972,3.468621774440315,370.7256483901251,314.6709798803981,274.3903891692008,40.280590711197306,16.81640055291811,39.238267956808926,17.793247206027015,8.896623603013508,4.448311801506754,43.68657975831568
1989-04-01,7.1442,152.8516,49.2281,72.2161198198376,0,152.8516,3.130891887869278,0.337729886571037,430.37288105707,328.7349671904041,285.6022592528292,43.132707937574935,30.491374159999765,71.14653970666612,32.18974757735119,16.094873788675596,8.047436894337798,79.19397660100391
1989-05-01,14.0706,112.0729,82.2107,41.5562428121057,0,112.0729,0.3332492209850601,0.004480665585976873,398.00840847381426,322.4685717452461,254.96287982504535,67.50569192020075,22.66195101857045,52.87788570999771,36.56779906394776,18.28389953197388,9.14194976598694,62.01983547598465
1989-06-01,18.0828,59.6375,99.8546,52.4673800116053,0,59.6375,0.004461929298796469,1.873628718040369e-5,314.60484175434414,287.9064045828549,216.44502434766721,71.4613802351877,8.009531151446765,18.688906020042452,29.71822014359635,14.859110071798176,7.429555035899088,26.11846105594154
1989-07-01,22.7209,35.097,117.3845,24.4478898825881,0,35.097,1.8715663341619145e-5,2.0623838784544502e-8,251.54204306333057,240.9030198875903,172.26089512082928,68.64212476676101,3.191706952722083,7.447316223018194,21.939951397545624,10.969975698772812,5.484987849386406,12.9323040724046
1989-08-01,22.092,33.7791,105.276,19.7518171822168,0,33.7791,2.059663349177855e-8,2.720529276595327e-11,206.0399951414259,200.64869337600436,148.52703763813983,52.12165573786453,1.6173905296264592,3.7739112357950715,15.704894618114722,7.852447309057361,3.9262236545286804,7.700134890323752
1989-09-01,15.5583,45.6224,58.6579,20.7630422735287,0,45.6224,2.697005967657046e-11,2.352330893828123e-13,194.1494376381668,189.6624250943119,160.39696629957777,29.265458794734144,1.3461037631564665,3.1409087806984215,11.367332254180793,5.6836661270903965,2.8418330635451983,5.98274184424362
1989-10-01,12.1871,28.171,39.6996,18.3940797802484,0,28.171,2.298669084992958e-13,5.366180883516502e-15,188.567966299578,184.45730501359697,164.6777607110482,19.77954430254877,1.2331983857943072,2.8774629001867167,8.4003537599834,4.2001768799917,2.10008843999585,4.977551340182567
1989-11-01,8.3006,124.076,15.235,19.6059496553508,0,124.076,4.991592202210264e-15,3.745886813062376e-16,288.7537607110482,270.3874625691161,258.87036247999134,11.517100089124767,5.509889442579623,12.856408699352453,9.27349546837535,4.636747734187675,2.3183738670938374,15.174782566446291
1989-12-01,6.8497,169.6498,9.9021,42.2184936935735,0,169.6498,3.348902930603422e-16,3.969838824589538e-17,428.5201624799913,328.4420154292838,319.28004283630855,9.161972592975246,30.023444115212254,70.05470293549526,26.197959722391733,13.098979861195867,6.549489930597933,76.60419286609319
1990-01-01,3.3098,55.5786,13.1422,19.2766706390076,29.951767125793893,25.62683287420611,2.8046492847609374e-17,29.951767125793893,344.90687571051467,304.338240211526,293.12248884017174,11.215751371354258,12.170590649696601,28.398044849292067,25.579033581392224,12.789516790696112,6.394758395348056,34.792803244640126
1990-02-01,8.2055,17.2283,29.6452,23.1172333716834,0,17.2283,27.802961711730937,2.1488054140629558,338.1537505519027,301.08677901578227,276.6347251374714,24.452053878310892,11.12009146083613,25.9468800752843,24.46608336148557,12.233041680742785,6.116520840371392,32.06340091565569
1990-03-01,7.0399,29.9131,39.8288,23.2889508400194,0,29.9131,1.933207417463848,0.21559799659910772,308.4810325549352,284.025812794059,253.47585012708646,30.549962666972533,7.336565928262865,17.11865383261335,21.20176619316562,10.60088309658281,5.300441548291405,22.419095380904757
1990-04-01,7.6258,59.7361,50.221,23.3917351311022,0,59.7361,0.19732253193239285,0.01827546466671487,313.4092726590188,287.16285347206355,248.77799616482295,38.384857307240594,7.873925756086583,18.372493430868694,19.383794632834803,9.691897316417402,4.845948658208701,23.218442089077396
1990-05-01,14.9049,20.7045,80.696,22.2026378234853,0,20.7045,0.018084754741099687,1.9070992561518244e-4,269.5005809195641,255.64716168159543,203.00654483815202,52.64061684344341,4.156025771390591,9.697393466578045,15.69321360281693,7.846606801408465,3.9233034007042327,13.620696867282279
1990-06-01,18.638,33.2909,102.0262,19.5560961968016,0,33.2909,1.90030210130196e-4,6.797154849864278e-7,236.29763486836214,227.8039639350529,170.20132877276058,57.60263516229233,2.54810127999277,5.945569653316462,12.1608765885398,6.0804382942699,3.04021914713495,8.985788800451413
1990-07-01,21.5859,16.7163,112.9439,18.720896897404,0,16.7163,6.786782865916348e-7,1.0371983947929659e-9,186.91762945143887,182.91287786313075,132.46429071782887,50.44858714530187,1.2014254764924372,2.803326111815687,8.908201376688158,4.454100688344079,2.2270503441720395,5.030376455987726
1990-08-01,21.1104,26.1679,98.36,18.1084994744853,0,26.1679,1.0353836189469618e-9,1.8147758460040267e-12,158.63219071886425,156.11799865019773,117.87014489282393,38.247853757373804,0.7542576205999552,1.759934448066562,6.441639331525408,3.220819665762704,1.610409832881352,3.370344280947914
1990-09-01,17.635,69.0713,62.8188,17.5391852873499,0,69.0713,1.8061435044165712e-12,8.632341587455513e-15,186.94144489282573,182.9351818025805,152.87943536202405,30.055746440556447,1.2018789270735681,2.8043841631716586,5.095678839065984,2.547839419532992,1.273919709766496,4.078303872938155
1990-10-01,10.7577,170.5932,28.7205,20.8707503629868,0,170.5932,8.335217820360527e-15,2.971237670949863e-16,323.47263536202405,293.20162844258215,270.1026177687554,23.09901067382674,9.08130207583257,21.18970484360933,9.451320609932369,4.725660304966184,2.362830152483092,23.552534996092422
1990-11-01,5.6779,71.7371,17.0292,30.9990036208255,6.350496367822637,65.38660363217735,2.5300702173735855e-16,6.350496367822637,335.48922140093276,299.73871954804576,285.5040752827313,14.234644265314444,10.725150555866099,25.025351297020897,13.450980777198978,6.725490388599489,3.3627451942997446,28.388096491320642
1990-12-01,1.5675,58.279,10.9038,33.0263776018246,42.00282708041487,16.276172919585136,3.2731349528994396,45.080188495338064,305.0533831552159,281.7771861765696,273.1341112064887,8.643074970080932,6.982859093593885,16.2933378850524,13.622559913861908,6.811279956930954,3.405639978465477,19.698977863517875
1991-01-01,2.5215,49.7793,11.3357,29.038100917892,31.484954176293318,18.29434582370668,28.47940214472824,48.08574052690314,319.9078591749236,291.12012143702583,281.84245825371823,9.277663183307595,8.636321321369332,20.151416416528438,14.839254156820827,7.4196270784104135,3.7098135392052067,23.861229955733645
1991-02-01,2.3436,97.0539,19.4845,24.0004397052395,63.16576153297315,33.88813846702685,29.44802736531184,81.80347469456444,345.1786240860569,304.46414809107966,287.9777844858598,16.48636360521988,12.214342798493174,28.50013319648407,18.035731303542665,9.017865651771332,4.508932825885666,33.00906602236974
1991-03-01,6.5552,90.9789,35.4076,50.530480825751,0,90.9789,72.36730696895594,9.436167725608499,451.3239914548157,331.62477636649703,299.71726092430913,31.9075154421879,35.9097645264956,83.78945056182307,35.96366388669218,17.98183194334609,8.990915971673045,92.78036653349612
1991-04-01,6.6718,100.5618,53.0179,46.3507914799815,0,100.5618,8.383606774746523,1.0525609508619755,408.66266769905565,324.8281775713872,279.1688075522033,45.65937001918388,25.150347038300538,58.684143089367915,40.742673949995144,20.371336974997572,10.185668487498786,68.8698115768667
1991-05-01,9.6472,44.9731,71.6065,31.3036636452926,0,44.9731,1.00269055698492,0.0498703938770555,325.1445981091882,294.1557183148068,239.73143627442812,54.42428204037867,9.29666393831443,21.692215856067,33.35955859220638,16.67977929610319,8.339889648051596,30.032105504118597
1991-06-01,17.4356,31.2744,100.9477,25.1630715965896,0,31.2744,0.049619165435057185,2.512284419983121e-4,271.0554554398632,256.88231118720745,192.5192303938304,64.36308079337704,4.2519432757967195,9.921200976859012,25.074334578668736,12.537167289334368,6.268583644667184,16.189784621526197
1991-07-01,21.6534,29.9142,115.3823,23.8151817913716,0,29.9142,2.50852459576381e-4,3.75982421931128e-7,222.43368124628998,215.52516264906237,154.99826952071973,60.526893128342635,2.0725555791682835,4.835963018059328,18.09792677189135,9.048963385945674,4.524481692972837,9.360444711032166
1991-08-01,22.7147,15.1605,104.2336,22.7984174268875,0,15.1605,3.7556782281854374e-7,4.145991125842795e-10,170.15876989628757,167.1051953181686,124.06594521314847,43.03925010502013,0.9160723734356906,2.137502204683278,12.675999430218026,6.337999715109013,3.1689998575545064,5.306502062237785
1991-09-01,16.9417,103.4976,67.035,22.0783119145108,0,103.4976,4.1219153422510735e-10,2.4075783591721413e-12,227.56354521356064,220.10433982590325,181.73928034030786,38.365059485595395,2.237761616297217,5.221443771360174,9.942507364343495,4.9712536821717475,2.4856268410858737,7.7070706124460475
1991-10-01,8.4417,95.5,29.6891,28.1930540217439,0,95.5,2.246203623842392e-12,1.6137473532974914e-13,277.2392803403101,261.7208305129328,240.4356300700093,21.285200442923525,4.655534948213176,10.862914879164077,9.732028208371114,4.866014104185557,2.4330070520927785,13.295921931256855
1991-11-01,5.0644,60.3642,16.8421,27.0901231856934,14.248253377338285,46.11594662266171,1.3278731938276464e-13,14.248253377338314,286.5515766926711,268.76682246895456,256.1399275134098,12.626894955544742,5.335426267114968,12.449327956601593,10.044969650324054,5.022484825162027,2.5112424125810136,14.960570369182607
1991-12-01,5.0368,33.5831,12.8003,27.5985053679354,8.12985835095623,25.453241649043772,11.704058652563297,10.674053075731244,293.29722781501687,273.6722536671685,263.84424558895654,9.828008078211951,5.887492244354513,13.737481903493864,10.621641263119045,5.3108206315595226,2.6554103157797613,16.392892219273627
1992-01-01,1.1319,23.5115,14.1357,20.4553048750771,17.71880537163512,5.792694628364881,4.810780330369475,23.58207811699689,274.4477205476909,259.5515102064788,249.2776826653148,10.273827541163968,4.468863102363633,10.427347238848476,10.060336243655119,5.030168121827559,2.5150840609137797,12.942431299762255
1992-02-01,3.638,34.3888,27.3425,16.8547773131936,16.96183534058627,17.426964659413734,17.284285133547957,23.2596283240352,283.9889324582765,266.8583257698521,246.80448732813468,20.05383844171743,5.139182006527318,11.991424681897074,10.13301216678829,5.066506083394145,2.5332530416970727,14.524677723594147
1992-03-01,7.2791,46.2025,41.8219,21.0215416882281,0,46.2025,21.081136449254267,2.178491874780935,314.08812377738894,287.5858944979767,255.19563222811252,32.390262269864195,7.950668783823669,18.55156049558856,12.055787300407973,6.027893650203986,3.013946825101993,21.565507320690553
1992-04-01,9.9939,91.9533,63.2015,43.8279602874754,0,91.9533,2.0850757124201524,0.09341616236078254,349.23400794053265,306.2982034886482,255.69451581460743,50.60368767404077,12.880741335565334,30.055063116319115,16.624352423982206,8.312176211991103,4.1560881059955515,34.21115122231467
1992-05-01,14.589,130.4555,85.3259,26.901787897841,0,130.4555,0.0923485660333148,0.0010675963274677375,386.24236438064077,319.445829099136,250.33485077016502,69.11097832897099,20.038960584451427,46.75757469705333,24.442208672289087,12.221104336144544,6.110552168072272,52.8681268651256
1992-06-01,13.6104,71.1138,81.5287,27.0907386604903,0,71.1138,0.0010514269073381376,1.6169420129599852e-5,321.4497021970724,292.02828124366596,231.34532514443939,60.68295609922657,8.826426286021928,20.594994667384498,22.17908997220734,11.08954498610367,5.544772493051835,26.13976716043633
1992-07-01,21.9877,19.0288,110.2204,22.5319168398285,0,19.0288,1.6147440851330816e-5,2.197927826903584e-8,250.37414129188025,239.91661692008734,175.103285889406,64.81333103068133,3.137257311537874,7.3202670602550395,16.87756485583014,8.43878242791507,4.219391213957535,11.539658274212574
1992-08-01,21.9755,33.9116,98.7275,19.445310733359,0,33.9116,2.1949296508801702e-8,2.998176023413752e-11,209.0148859113553,203.3732572445765,153.387043764732,49.98621347984451,1.6924886000336357,3.9491400667451497,12.380035637242516,6.190017818621258,3.095008909310629,7.044148976055778
1992-09-01,16.1288,29.5563,66.2031,16.0004982950919,0,29.5563,2.976177027750969e-11,2.1998995662783245e-13,182.94334376476175,179.1840987517558,148.30367766757814,30.88042108417767,1.1277735039017813,2.631471509104156,9.005206094096199,4.502603047048099,2.2513015235240497,4.882773032628206
1992-10-01,9.1718,156.5631,27.8172,20.7796600930451,0,156.5631,2.0803873272022407e-13,1.195122390760838e-14,304.86677766757833,281.6532315942526,260.13453117281887,21.51870042143372,6.964063821997724,16.249482251328022,10.646179944062615,5.323089972031307,2.6615449860156537,18.911027237343674
1992-11-01,8.8497,20.5463,22.2534,23.0692263375249,0,20.5463,1.1238900938254991e-14,7.123229693533888e-16,280.6808311728189,264.35992704191835,248.07481939271676,16.285107649201592,4.896271239270163,11.424632891630381,10.361634122221853,5.180817061110926,2.590408530555463,14.015041422185844
1992-12-01,4.7485,82.8491,10.9457,33.3371923742607,25.055560509176,57.793539490824,5.741266467009343e-16,25.055560509176,305.86835888354074,282.31669621306514,273.6243139153849,8.69238229768024,7.065498801142678,16.486163869332916,11.618088615576355,5.809044307788177,2.9045221538940886,19.390686023227005
1993-01-01,4.3558,16.6494,18.4779,24.8781067656234,6.276225481575014,10.373174518424985,19.613015095013544,11.718770895737471,303.6105035288234,280.81466697300544,266.3738847377943,14.440782235211145,6.838750966745391,15.957085589072578,12.30455972154783,6.152279860773915,3.0761399303869577,19.033225519459535
1993-02-01,3.3098,22.338,23.2523,20.9723037044758,12.038132915474373,10.299867084525628,8.279188113992431,15.477715697219411,284.95293993631236,267.5790640615073,250.380045709697,17.199018351810338,5.212162762441511,12.161713112363525,11.677814989326228,5.838907494663114,2.919453747331557,15.081166859695083
1993-03-01,5.9908,38.0424,39.0244,20.2429660701456,0.10058336470925076,37.94181663529075,13.377481681646165,2.2008173802824977,301.6993440266339,279.5255045059512,250.033586086866,29.49191841908518,6.652151856204824,15.521687664477922,12.219977897020703,6.109988948510352,3.054994474255176,18.576682138733098
1993-04-01,7.4018,59.0604,51.1509,18.7996776714076,0,59.0604,2.001840542801429,0.19897683748106854,311.09582662966744,285.7045673976834,246.8578999494252,38.84666744825819,7.617377769595219,17.773881462388843,13.224903777743947,6.612451888871973,3.3062259444359867,21.08010740682483
1993-05-01,10.454,101.71,61.4438,27.7763775842405,0,101.71,0.19150260224357343,0.007474235237495103,348.75940255166876,306.08789227611805,256.8053939528847,49.28249832323337,12.80145308266521,29.87005719288549,17.350904573606105,8.675452286803052,4.337726143401526,34.207783336287015
1993-06-01,15.4693,48.5263,85.6094,22.9042790919549,0,48.5263,0.007407932004018182,6.630323347692028e-5,305.3391018848887,281.96667303365746,220.785269401042,61.181403632615456,7.01172865536937,16.360700195861863,16.24175548598365,8.120877742991825,4.060438871495912,20.421139067357775
1993-07-01,21.2607,11.3146,105.1954,16.679982470873,0,11.3146,6.619213404315039e-5,1.1109943376989243e-7,232.09993559317604,224.1194315045364,165.93909117833746,58.180340326198944,2.39415122659189,5.586352862047743,12.423937808383693,6.211968904191846,3.105984452095923,8.692337314143666
1993-08-01,21.8006,7.5572,94.514,17.7312134239837,0,7.5572,1.1094006104713408e-7,1.5937272275834558e-10,173.49629128927754,170.27012581442443,129.97552341996908,40.29460239445535,0.9678496424559313,2.258315832397173,8.92785830055975,4.463929150279875,2.2319645751399375,4.49028040753711
1993-09-01,14.4939,67.762200000000007,49.7018,14.6784584313439,0,67.762200000000007,1.5750081545862107e-10,1.8719072997245116e-12,197.7377234201266,192.99317011168137,167.44411560211643,25.54905450956494,1.42336599253357,3.321187315911663,6.900816195395547,3.4504080976977733,1.7252040488488867,5.04639136476055
1993-10-01,8.135,162.7998,24.3098,25.2018465087945,0,162.7998,1.734860201799342e-12,1.3704709792516955e-13,330.24391560211814,296.9770498670025,277.0500819790983,19.926967887904198,9.980059720534689,23.28680601458094,11.253917277286824,5.626958638643412,2.813479319321706,26.100285333902647
1993-11-01,5.0706,52.2731,16.0795,31.9474502828533,12.267131279350652,40.00596872064935,1.1281258224862377e-13,12.267131279350675,317.05605069974774,289.4091108391102,276.4140345824111,12.995076256699122,8.294081958191258,19.35285790244627,13.03199949031872,6.51599974515936,3.25799987257968,22.610857775025952
1993-12-01,4.6135,32.7783,12.1911,21.3212779143199,10.784207263512524,21.994092736487477,9.792933441473142,13.258405101390057,308.2010607603717,283.84417066373084,274.1275964429682,9.716574220762652,7.307067028992265,17.049823067648617,13.559377679540654,6.779688839770327,3.3898444198851636,20.439667487533782
1994-01-01,2.5368,90.6074,12.5238,44.231096279447,57.161420973578934,33.445979026421064,8.397444781195787,62.02238129377321,315.971020250585,288.7475629739553,278.5981820917187,10.149380882236642,8.167037182988906,19.05642009364078,14.484276575019706,7.242138287509853,3.6210691437549265,22.677489237395708
1994-02-01,3.9049,75.4345,21.3462,32.3376613040899,34.15532005811983,41.27917994188017,46.683332537644276,49.49436881424876,366.5606945712431,313.2174221484636,294.68542928444293,18.53199286402065,16.00298172683386,37.34029069594567,20.324838867902375,10.162419433951188,5.081209716975594,42.42150041292126
1994-03-01,9.184,14.7342,50.7273,31.4969227315202,0,14.7342,46.814950004503956,2.679418809744803,356.23457928894686,309.2690871693563,267.5420064189442,41.727080750412085,14.089647635877173,32.8758444837134,22.9429910025197,11.47149550125985,5.735747750629925,38.61159223434333
1994-04-01,7.4233,44.0004,57.9794,27.0624268198328,0,44.0004,2.438665582840128,0.24075322690467482,313.98107200178436,287.5193306686927,243.62609843120896,43.893232237483744,7.938522399927495,18.523218933164156,20.587675601631464,10.293837800815732,5.146918900407866,23.67013783357202
1994-05-01,12.8282,64.4902,79.6491,27.0901231856934,0,64.4902,0.23618638090292673,0.004566846001748087,308.35248481211187,283.9424578257856,226.1509614281481,57.7914963976375,7.323008095897881,17.08701889042839,18.60712246501956,9.30356123250978,4.65178061625489,21.73879950668328
1994-06-01,17.7914,17.0325,106.9606,21.2492673630822,0,17.0325,0.004546078913044181,2.076708870390586e-5,243.18800750706114,233.78249572197765,172.22288196810374,61.55961375387392,2.821653535525047,6.583858249558443,14.28585066702974,7.14292533351487,3.571462666757435,10.155320916315878
1994-07-01,24.1258,8.0148,124.4412,19.5653283187551,0,8.0148,2.075183126494599e-5,1.525743895987178e-8,180.237702719935,176.63817389863593,123.78635540297483,52.85181849566109,1.079858646389718,2.5196701749093418,10.243806208946305,5.1219031044731524,2.5609515522365762,5.0806217271459175
1994-08-01,22.773,6.3069,108.9044,13.8611079010565,0,6.3069,1.5240894358064683e-8,1.654460180709831e-11,130.09325541821573,128.5993314690235,94.21187024042408,34.38746122859942,0.44817718475767093,1.0457467644345655,7.127988929135984,3.563994464567992,1.781997232283996,2.827743996718562
1994-09-01,14.4571,28.9779,60.6647,12.4104338047557,0,28.9779,1.6348208894034203e-11,1.963929130641079e-13,123.18977024044042,121.88721346303882,102.49032696390402,19.396886499134794,0.3907670332204816,0.9117897441811237,5.012503974904311,2.5062519874521554,1.2531259937260777,2.1649157379072013
1994-10-01,10.865,124.894,33.45,13.7890973498188,0,124.894,1.8983863935812458e-13,6.554273705983319e-15,227.38432696390421,219.9450383328354,199.89780497073838,20.047233362097018,2.2317865893206457,5.207502041748174,4.829527042816637,2.4147635214083185,1.2073817607041593,6.414883802452333
1994-11-01,7.865,92.1519,21.2891,26.0419696065673,0,92.1519,6.0356482579318715e-15,5.186254480514476e-16,292.0497049707384,272.778399011184,256.68091569253534,16.097483318648642,5.7813917878663235,13.489914171688087,7.073945887121973,3.5369729435609867,1.7684864717804933,15.25840064346858
1994-12-01,3.7975,45.5025,12.3764,18.3700762631692,21.36046963940724,24.14203036059276,3.8633565842671413e-16,21.36046963940724,280.8229460531281,264.46804254932255,255.27956527177392,9.188477277548628,4.906471051141659,11.448432452663871,7.986944625509088,3.993472312754544,1.996736156377272,13.445168609041144
1995-01-01,3.0092,66.8341,13.6265,27.6514362004691,38.571155675336904,28.262944324663103,14.524462079031963,45.407163235712176,298.066971675469,277.03147882772805,266.4531110410104,10.57836778671765,6.310647854322286,14.724844993418667,9.531728319887582,4.765864159943791,2.3829320799718956,17.10777707339056
1995-02-01,5.819,65.2678,24.1183,35.1097597893418,3.312542270899031,61.955257729100964,38.93340892870644,9.786296577904764,367.3417776988178,313.4959166952337,292.6206050132864,20.875311681947267,16.153758301075232,37.69210270250887,17.123657747308542,8.561828873654271,4.2809144368271355,41.97301713933601
1995-03-01,6.2853,26.4829,45.1682,20.8344373499695,0,26.4829,8.566258122185769,1.2200384557189956,327.6697631354722,295.56956899593837,259.7844470124795,35.78512198345885,9.630058241860143,22.470135897673668,17.835810659445787,8.917905329722894,4.458952664861447,26.929088562535114
1995-04-01,9.5613,27.2374,65.2798,16.4824150610671,0,27.2374,1.1607862429317788,0.05925221278721682,288.1826332554113,269.9689088789544,224.03293802107325,45.93597085788113,5.464117312937077,12.749607063519846,15.53328531492191,7.766642657460955,3.8833213287304775,16.632928392250324
1995-05-01,13.6779,58.7619,78.7312,15.2176143534311,0,58.7619,0.058372064167705975,8.801486195108427e-4,282.85321008524096,266.0049300847955,212.4206606602865,53.58426942450899,5.054484000133641,11.79379600031183,13.725179543370368,6.862589771685184,3.431294885842592,15.22509088615442
1995-06-01,17.0767,70.4198,93.7148,14.2236225564325,0,70.4198,8.752323441138661e-4,4.916275396976591e-6,282.8413358926306,265.9959834603208,203.51193208049133,62.48405137982948,5.05360572969293,11.791746702616836,12.5191901820422,6.2595950910211,3.12979754551055,14.921544248127386
1995-07-01,21.5644,6.1787,117.4214,14.8021688655214,0,6.1787,4.908726945340773e-6,7.548451635817689e-9,209.6906369892183,203.99069809912993,145.8508728640896,58.13982523504032,1.7099816670265084,3.989957223061853,9.486114566045805,4.743057283022902,2.371528641511451,6.361485864573304
1995-08-01,19.5736,34.4006,94.7737,13.5767585448872,0,34.4006,7.52789824773788e-9,2.0553388079808467e-11,180.2514728716175,176.65114594325487,134.74644952956987,41.904696413685,1.080098078508786,2.5202288498538334,7.044141763036394,3.522070881518197,1.7610354407590985,4.281264290612932
1995-09-01,13.6963,20.0306,53.4922,11.5684642825921,0,20.0306,2.024969472638677e-11,3.0369335342169663e-13,154.77704952959013,152.42518722738058,130.82218607826454,21.60300114911604,0.7055586906628661,1.6463036115466876,5.16646696913284,2.58323348456642,1.29161674228321,2.937920353829898
1995-10-01,13.047,14.008,41.2374,9.757737430103,0,14.008,2.982841338955929e-13,5.409219526103752e-15,144.83018607826483,142.8596497252509,126.98151630899959,15.878133416251316,0.5911609059041779,1.3793754471097486,3.838418583358012,1.919209291679006,0.959604645839503,2.3389800929492517
1995-11-01,8.0922,100.7338,19.1519,12.3427315770963,0,100.7338,5.008289002703643e-15,4.009305234001095e-16,227.7153163089996,220.23920499030208,208.5115711454812,11.727633844820872,2.2428333956092557,5.233277923088263,4.054167985978179,2.0270839929890894,1.0135419964945447,6.246819919582808
1995-12-01,5.0916,220.408,10.2116,63.7490330388405,50.70152920239094,169.70647079760906,3.304597384624521e-16,50.70152920239094,378.21804194309027,317.09752006577884,307.9795426636514,9.117977402127451,18.33615656319343,42.784365314118,14.926883032781072,7.463441516390536,3.731720758195268,46.516086072313264
1996-01-01,4.6115,161.1406,11.2017,137.858353333952,53.07819001114688,108.06240998885312,40.46948466268103,63.310234550856784,456.5114373151855,332.2360880361384,321.7712751743974,10.464812861741052,37.28260478371412,86.99274449533294,34.806325210996796,17.403162605498398,8.701581302749199,95.69432579808215
1996-02-01,2.7482,83.2891,20.4908,75.8861960337712,50.61613739959771,32.67296260040229,41.46862635469076,72.45774559576373,395.91286412949046,321.96412196074664,303.6558458208808,18.308276139865825,22.184622650623144,51.76411951812067,37.99396524107996,18.99698262053998,9.49849131026999,61.26261082839066
1996-03-01,5.2357,61.4305,36.7193,30.0874854466119,12.128531540055155,49.301968459944845,60.23930886285212,24.346968272966755,413.1971231436778,325.73662409276204,293.29439555534736,32.44222853741468,26.238149715274727,61.22234933564103,42.821409970903126,21.410704985451563,10.705352492725781,71.9277018283668
1996-04-01,8.619,40.7003,59.2488,37.1168231020431,0,40.7003,22.796218915110334,1.5507493578564215,356.79091447045766,309.49477955011974,261.29732596752467,48.197453582595074,14.188840476101376,33.107294444236544,38.006833631336335,19.003416815668167,9.501708407834084,42.60900285207063
1996-05-01,11.3665,117.5348,67.9238,44.541911051883,0,117.5348,1.5059507527461513,0.04479860511027023,380.3380767202708,317.7422293673521,261.69310300228636,56.04912636506572,18.778754205875618,43.8170931470431,37.8570585581413,18.92852927907065,9.464264639535324,53.281357786578425
1996-06-01,16.5038,52.4939,96.2865,24.0189039491466,0,52.4939,0.04450352230198701,2.950828082832202e-4,314.2315065245883,287.67496171520304,218.48709519777276,69.18786651743028,7.966963442815586,18.5895813665697,30.54934800063792,15.27467400031896,7.63733700015948,26.22691836672918
1996-07-01,20.7002,16.841,111.6937,22.1632474364835,0,16.841,2.9450181574098747e-4,5.809925422327268e-7,235.3283896995885,226.9559416310749,164.94812850361325,62.007813127461645,2.511734420554086,5.860713647959534,22.040721614128003,11.020360807064002,5.510180403532001,11.370894051491534
1996-08-01,20.472,64.7413,92.5464,18.8273740372682,0,64.7413,5.797709762792067e-7,1.221565953520096e-9,229.68942908338423,221.9900879387023,170.4112181149946,51.57886982370769,2.309802343404581,5.389538801277356,16.233682638355056,8.116841319177528,4.058420659588764,9.44795946086612
1996-09-01,15.3582,43.409,57.0581,16.8849355782418,0,43.409,1.2103775069585845e-9,1.1188446561511484e-11,213.82021811620496,207.75183413092537,176.500042892059,31.25179123886636,1.8205151955838743,4.247868789695707,12.03613188929262,6.01806594464631,3.009032972323155,7.256901762018861
1996-10-01,11.4117,26.0037,38.0057,15.6798359259054,0,26.0037,1.0869407601556739e-11,3.190389599547451e-13,202.50374289206988,197.3969563624745,177.08484959717822,20.312106765296278,1.5320359588786145,3.5747505707167675,9.045445232114156,4.522722616057078,2.261361308028539,5.836111878745307
1996-11-01,5.3006,133.7067,16.8106,24.8399473282154,24.37543432878566,109.33126567121435,2.662353576476918e-13,24.375434328785712,286.41611526839284,268.6665416006363,256.06740295518983,12.599138645446487,5.324872100326957,12.424701567429565,9.580211554960743,4.790105777480371,2.3950528887401856,14.81975445616975
1996-12-01,3.0994,204.8171,9.1556,94.4809205978101,115.92597112994875,88.89112887005126,16.77442631938485,123.5269791393496,361.73295814462597,311.43406802736365,303.3929406145967,8.041127412766969,15.089667035178694,35.20922308208362,16.446585726759626,8.223292863379813,4.111646431689906,39.32086951377352
1997-01-01,3.0781,176.5313,11.5082,172.925029887511,100.38445360728012,76.14684639271987,84.77064829225547,139.14078445437423,464.310435299572,333.08974357395465,322.31566211196696,10.774081461987691,39.36620751768521,91.85448420793216,37.20852882962989,18.604264414814946,9.302132207407473,101.15661641533963
1997-02-01,6.1931,20.164,27.4145,48.0359614739024,0,20.164,121.3279735343805,17.812810919993723,463.8076356463475,333.03693433982664,307.9465579922327,25.090376347593917,39.231210391956246,91.53949091456458,50.959826147724094,25.479913073862047,12.739956536931023,104.2794474514956
1997-03-01,8.3031,15.0227,51.4807,34.2524033972557,0,15.0227,16.570273838124557,1.2425370818691661,339.5395318303573,301.7732820602175,260.4962067069078,41.277075353309726,11.329874931041934,26.436374839097844,41.52646738584402,20.76323369292201,10.381616846461005,36.81799168555885
1997-04-01,10.2902,53.4302,67.1847,26.8347011449786,0,53.4302,1.1936105083792454,0.04892657348992069,315.120017215287,288.22466742271354,237.88419640313705,50.34047101957648,8.068604937772045,18.826744854801436,33.06338154907738,16.53169077453869,8.265845387269344,27.09259024207078
1997-05-01,12.5797,95.2259,72.7121,24.1518465052776,0,95.2259,0.047929686808352696,9.96886681567992e-4,333.1580260899454,298.5289931157055,242.52825046104488,56.0007426546606,10.388709892271976,24.240323081967944,28.968060960899567,14.484030480449784,7.242015240224892,31.482338322192835
1997-06-01,15.5988,65.3956,84.9421,22.0001466153041,0,65.3956,9.88366884691452e-4,8.519796876540033e-6,307.9248388279296,283.66460530578064,222.5386643237031,61.12594098207754,7.278070056644685,16.982163465504264,24.1640873450295,12.08204367251475,6.041021836257375,23.02318530176164
1997-07-01,19.1229,54.3229,101.5396,17.125586223831,0,54.3229,8.49338605909222e-6,2.641081744781365e-8,276.86157281708915,261.4287900258562,195.59550760593373,65.83328241992245,4.62983483736989,10.802947953863075,19.195948121599596,9.597974060799798,4.798987030399899,15.601934984262975
1997-08-01,20.4288,51.1793,92.2036,17.7472157687032,0,51.1793,2.6354592740334453e-8,5.622470747919617e-11,246.77480763228832,236.8577978308664,182.002622217649,54.8551756132174,2.9751029404265776,6.941906860995348,14.780700708017449,7.390350354008724,3.695175177004362,10.637082037999711
1997-09-01,18.4845,41.6175,67.1829,16.9378664107755,0,41.6175,5.601526488181689e-11,2.094425973792784e-13,223.620122217705,216.5877468573161,178.76008860631845,37.827658250997644,2.109712608116669,4.9226627522722275,11.260275544089412,5.630137772044706,2.815068886022353,7.73773163829458
1997-10-01,13.0493,25.8276,39.1187,17.4450176434237,0,25.8276,2.0571458892701102e-13,3.728008452267392e-15,204.58768860631866,199.3149127565166,178.23775045914252,21.077162297374088,1.5818327549406177,3.6909430948614412,8.561405532686686,4.280702766343343,2.1403513831716716,5.831294478033113
1997-11-01,6.2084,174.552,14.2766,45.2687867870257,0,174.552,3.25284530166148e-15,4.751631506059121e-16,352.7897504591425,307.8377085111737,295.5335710388179,12.304137472355762,13.485612584390651,31.466429363578182,14.698012078051557,7.349006039025778,3.674503019512889,35.14093238309107
1997-12-01,3.5659,143.984,10.4354,81.0512605293827,72.51657506023183,71.46742493976818,3.456064469108644e-16,72.51657506023183,367.0009959785861,313.3747498713446,304.16926211407383,9.20548775727076,16.087873832172452,37.53837227506906,20.52392394014934,10.26196197007467,5.130980985037335,42.66935326010639
1998-01-01,3.8806,42.4368,13.773,48.6188161065697,19.37640532654296,23.060394673457036,54.456306147758205,37.43667423901659,381.68596293528907,318.142896428492,305.86664708135953,12.276249347132477,19.062919952039117,44.48014655475794,26.39122926145897,13.195614630729485,6.597807315364743,51.07795387012268
1998-02-01,5.991,43.669,26.0638,34.8001759664995,0.11295323483100189,43.55604676516899,32.357032442358886,5.1925950314887075,381.77972628888745,318.1705048699161,295.3376913002866,22.83281356962948,19.082766425691403,44.52645499327994,30.31599712476692,15.15799856238346,7.57899928119173,52.10545427447167
1998-03-01,7.7407,33.936,46.0762,30.2425850954315,0,33.936,4.766753198204432,0.4258418332842755,334.04044449849107,298.9902323190226,262.1100933990691,36.88013891995348,10.515063653840542,24.535148525627932,27.22070718573831,13.610353592869155,6.805176796434577,31.340325322062508
1998-04-01,6.4563,116.216,45.8345,36.1942263814852,0,116.216,0.37530215979798465,0.05053967348629085,378.7013955588671,317.246089203846,278.3062330230734,38.93985618077261,18.436591906506326,43.018714448514764,30.438199394829756,15.219099697414878,7.609549848707439,50.6282642972222
1998-05-01,11.1937,150.1063,62.4979,58.9101701855878,0,150.1063,0.04900522854576677,0.0015344449405240781,428.4615382516192,328.4326346460905,274.7238245696539,53.70881007643658,30.008671081658605,70.02023252387008,40.297913650992236,20.148956825496118,10.074478412748059,80.09471093661814
1998-06-01,17.437,24.2717,100.5813,43.0346132742672,0,24.2717,0.0015267180928848847,7.726847639193428e-6,298.9970512877468,277.6754701212248,208.32053251602366,69.35493760520114,6.396474349956594,14.925106816565386,31.129592000632552,15.564796000316276,7.782398000158138,22.707504816723524
1998-07-01,20.7545,10.6655,112.9597,28.942702324372,0,10.6655,7.711870020957417e-6,1.4977618236010253e-8,218.98604022789368,212.4259663554327,153.83052878725144,58.59543756818127,1.9680221617382925,4.592051710722682,22.06507610824723,11.032538054123615,5.516269027061807,10.108320737784489
1998-08-01,21.0661,48.0468,100.4149,26.3115475676109,0,48.0468,1.4951075824106267e-8,2.6542411903986525e-11,201.8773288022025,196.81951464821333,147.73016869013895,49.089345958074375,1.517344246196751,3.540469907792419,15.72161356962932,7.86080678481466,3.93040339240733,7.470873300199749
1998-09-01,16.7143,41.8121,58.0268,23.628077453113,0,41.8121,2.6377856488906287e-11,1.645554150802381e-13,189.54226869016532,185.36795627377376,157.0480713489765,28.319884924797265,1.2522937249174675,2.9220186914740904,11.315938196364526,5.657969098182263,2.8289845490911314,5.751003240565222
1998-10-01,10.5757,36.5226,36.9407,15.3222450689046,0,36.5226,1.5858689393813579e-13,5.968521142102305e-15,193.57067134897665,189.12402864530407,170.1802516087773,18.943777036526768,1.333992811101774,3.112649892570806,8.433287338310867,4.216643669155434,2.108321834577717,5.220971727148523
1998-11-01,5.3445,38.6145,18.6664,15.0815944233155,6.638207780646984,31.976292219353017,4.993082212078748e-15,6.638207780646985,202.1565438281303,197.07695299322216,186.8416945965546,10.235258396667575,1.5238772504724436,3.555713584435702,6.63810972585554,3.31905486292777,1.659527431463885,5.215241015899587
1998-12-01,3.3079,44.7906,12.8869,15.4274912591751,24.14931368766456,20.64128631233544,4.688758231040469,26.098763237271076,212.1717391399305,206.2529683057075,198.79690041175593,7.45606789395157,1.7756312502669032,4.143139583956107,5.609160650748296,2.804580325374148,1.402290162687074,5.5454297466431814
1999-01-01,3.1965,37.4727,15.8427,15.567819512869,20.74861195738559,16.72408804261441,18.184627316117098,28.662747878539566,233.70561577048744,225.53242316949826,215.55133075109995,9.981092418398305,2.4519577802967545,5.721234820692427,5.3740789540300336,2.6870394770150168,1.3435197385075084,7.064754559199935
1999-02-01,4.1182,42.0096,24.2579,16.0878957162522,17.565888518047913,24.443711481952086,21.99605793650118,24.232578460086295,261.9911001695532,249.58422726456274,232.87181611133545,16.712411153227293,3.722061871497135,8.684811033493315,6.064093883684779,3.0320469418423897,1.5160234709211948,10.200834504414509
1999-03-01,6.0258,79.0045,39.1452,20.468845320609,0,79.0045,20.977314113760816,3.255264346325479,332.85363022509625,298.3689463534493,266.79681259177977,31.572133761669534,10.345405161494085,24.139278710152865,10.939666030119243,5.4698330150596215,2.7349165075298107,26.874195217682676
1999-04-01,8.7546,63.5136,61.4729,20.6196366458503,0,63.5136,3.055859309672274,0.19940503665320497,333.366271901452,298.63820809302814,250.5343350552926,48.10387303773555,10.418419142527165,24.309644665896716,14.238723448430939,7.119361724215469,3.5596808621077347,27.869325528004453
1999-05-01,13.7077,68.7767,80.3732,19.4040739219665,0,68.7767,0.19646831184141844,0.0029367248117865286,319.507503367134,290.8823597317642,231.19955430727694,59.68280542448727,8.587543090610938,20.037600544758856,15.217511026027916,7.608755513013958,3.804377756506979,23.841978301265836
1999-06-01,16.9077,84.6102,97.1804,16.9840270205432,0,84.6102,0.0029195035674941736,1.7221244292354998e-5,315.81267381084444,288.65053557152356,218.66884261870982,69.98169295281375,8.148641471796264,19.013496767524614,15.577434998549455,7.7887174992747275,3.8943587496373637,22.907855517161977
1999-07-01,21.2197,36.1519,109.7287,14.5135111857739,0,36.1519,1.7192045444550206e-5,2.919884780479165e-8,254.82075981075525,243.65553079101517,178.08213872042452,65.57339207059064,3.3495687059220245,7.815660313818056,12.618002469647655,6.309001234823827,3.1545006174119137,10.97016093122997
1999-08-01,20.6345,13.7268,94.877,13.9035756620428,0,13.7268,2.9140260523966245e-8,5.858728082540402e-11,191.8089387495648,187.48323564015834,142.96677900736367,44.51645663279467,1.297710932821934,3.027992176584513,9.277142268313058,4.638571134156529,2.3192855670782646,5.347277743662778
1999-09-01,16.7517,150.0909,58.785,14.6021395565279,0,150.0909,5.822794459944185e-11,3.593362259621724e-13,293.05767900742194,273.50109764295456,231.2151106896271,42.285986953327466,5.866974409340213,13.689606955127163,10.096077785102182,5.048038892551091,2.5240194462755454,16.213626401402706
1999-10-01,11.5872,168.367,32.0118,37.7501466680565,0,168.367,3.4959437463134173e-13,9.741851330830687e-15,399.5821106896274,322.83830859338264,294.6208630001441,28.21744559323855,23.02314062887344,53.72066146737135,22.07947894265041,11.039739471325205,5.519869735662603,59.24053120303395
1999-11-01,4.1462,38.9869,16.8642,18.9012310128966,16.118453773127023,22.868446226872976,7.49417081975033e-15,16.118453773127026,317.4893092270171,289.67165186251293,276.04519932795307,13.62645253455986,8.345297209351246,19.47236015515291,20.283184101334438,10.141592050667219,5.0707960253336095,24.54315618048652
1999-12-01,3.4068,61.9902,11.4939,34.1643905012986,32.597930319928444,29.392269680071557,11.517749397020017,37.19863469603545,316.95521840504466,289.3478768809378,280.00010443764637,9.347772443291433,8.282202457232057,19.325139066874797,19.04359103904433,9.521795519522165,4.760897759761082,24.08603682663588
2000-01-01,1.8718,25.7498,15.2035,22.9732122692081,17.900254460448323,7.849545539551677,20.684060396631494,34.41482875985228,308.53371037382954,284.05994880972463,271.98494943758504,12.074999372139587,7.342128469231471,17.131633094873433,17.590479672183868,8.795239836091934,4.397619918045967,21.529253012919398
2000-02-01,6.1419,16.0452,29.1564,16.4633353423631,0,16.0452,29.94364584539764,4.471182914454637,317.9737952829827,289.96413692403837,266.78771027783176,23.176426646206608,8.402897507683292,19.606760851261015,17.32891811991144,8.66445905995572,4.33222952997786,23.938990381238874
2000-03-01,6.6404,46.9421,43.6259,16.1494431959425,0,46.9421,3.967916079252601,0.503266835202036,317.6977263570844,289.79761592551154,255.8361945555705,33.961421369941036,8.370033129471851,19.530077302100988,17.132634166255528,8.566317083127764,4.283158541563882,23.81323584366487
2000-04-01,7.6789,169.42,46.8729,65.9893612995681,0,169.42,0.4612536363930064,0.04201319880902954,425.7174481919635,327.98572736702835,286.87526996931996,41.11045739770839,29.31951624748055,68.41220457745462,30.968100275824053,15.484050137912027,7.742025068956013,76.15422964641063
2000-05-01,13.8862,73.2175,78.4845,36.8712486580787,0,73.2175,0.04142543273626162,5.877660727679201e-4,360.1341954020562,310.8194919902815,248.382750072893,62.4367419173885,14.79441102353241,34.52029238824229,30.508340866237642,15.254170433118821,7.6270852165594105,42.1473776048017
2000-06-01,17.08,33.0487,101.6186,19.3640680601678,0,33.0487,5.844860845684098e-4,3.279988199510306e-6,281.4320345589776,264.93062389936017,198.17077083986405,66.75985305949612,4.950423197885226,11.550987461732193,23.639176042748577,11.819588021374289,5.909794010687144,17.460781472419338
2000-07-01,19.7319,8.5023,104.0153,16.2423798902749,0,8.5023,3.271454958835128e-6,8.533240675177888e-9,206.673074111319,201.22935831014263,149.49437582249718,51.73498248764545,1.6331147403529143,3.810601060823467,16.848193855400996,8.424096927700498,4.212048463850249,8.022649524673716
2000-08-01,19.8633,6.5977,96.2427,16.7138335847027,0,6.5977,8.511864315265268e-9,2.1376359912620466e-11,156.09207583100903,153.68579810761508,116.73788277143134,36.94791533618374,0.7218833170181824,1.684394406375759,11.713384781612787,5.856692390806393,2.9283461954031966,4.612740601778956
2000-09-01,16.7617,28.0687,67.4736,13.5927608896067,0,28.0687,2.1245627990938153e-11,1.3073192168231315e-13,144.80658277145258,142.83689063943956,117.79215111202527,25.044739527414293,0.5909076396039069,1.378784492409116,8.202861614144462,4.101430807072231,2.0507154035361155,3.4294998959452316
2000-10-01,10.6885,79.661,36.2273,11.5339976939656,0,79.661,1.261416454940377e-13,4.59027618827546e-15,197.4531511120254,192.72948685240289,173.77841519395844,18.951071658444448,1.417099277886757,3.3065649817357663,6.413307261354146,3.206653630677073,1.6033268153385365,4.909891797074303
2000-11-01,5.19,116.1676,14.8035,27.6409731289218,24.153626558106097,92.0139734418939,3.80597822906599e-15,24.153626558106097,265.7923886358523,252.67298207582922,242.20885167082488,10.46413040500434,3.935821968006928,9.183584592016166,6.899419486240716,3.449709743120358,1.724854871560179,10.908439463576345
2000-12-01,4.2637,146.0597,10.7726,63.6800998615874,57.43941639701693,88.62028360298306,18.76608476338298,62.82695819174005,349.5952200371909,306.4575019061775,297.168771769322,9.28873013685552,12.94131543930402,30.196402691709377,13.227156617029825,6.613578308514913,3.3067891542574563,33.50319184596683
2001-01-01,4.3762,157.5421,11.7966,129.156770655335,58.80979986322478,98.73230013677522,49.259626420680554,72.37713163428427,445.1606983267778,330.84874177122396,319.88345489531514,10.965286875908816,34.29358696666615,80.01836958888767,31.680495722463984,15.840247861231992,7.920123930615996,87.93849351950367
2001-02-01,4.4455,46.245,23.1478,56.1657680661965,16.679290690568717,29.56570930943128,57.056069105251524,32.000353219601465,406.50523330999795,324.3766931871382,303.6175658329986,20.759127354139594,24.638562036857927,57.48997808600183,37.54603850621461,18.773019253107304,9.386509626553652,66.87648771255547
2001-03-01,8.6775,157.2335,35.3763,117.284261823073,0,157.2335,29.996156496291505,2.00419672330996,490.8472223292901,335.50725593673235,303.25330323828734,32.253952698445005,46.60198991776733,108.73797647479043,56.09868561598796,28.04934280799398,14.02467140399699,122.76264787878742
2001-04-01,9.0235,24.3224,61.9213,34.2813307127102,0,24.3224,1.8905690953869887,0.1136276279229711,329.46627233367434,296.5554641650724,248.4685464528115,48.08691771226091,9.873242450580578,23.03756571802135,43.98128537771236,21.99064268885618,10.99532134442809,34.03288706244944
2001-05-01,12.4309,68.3194,73.4963,27.7868406557878,0,68.3194,0.11121115749367909,0.0024164704292920086,316.89915761030517,289.3138103321249,234.51569594965167,54.798114382473216,8.275604183454083,19.309743094726194,34.837926374110964,17.418963187055482,8.709481593527741,28.019224688253935
2001-06-01,17.9771,22.6117,109.3572,18.440855864813,0,22.6117,0.002406053672159505,1.0416757132503465e-5,257.12980200332385,245.57872487962803,179.6783709549428,65.90035392468522,3.465323137108746,8.085753986587074,25.535499674146475,12.767749837073238,6.383874918536619,14.469628905123692
2001-07-01,20.3059,7.0803,106.0929,13.1939332212134,0,7.0803,1.0393783083016034e-5,2.297404948743085e-8,186.7586813487259,182.76400524313345,134.97278430069807,47.79122094243539,1.198402831677734,2.7962732739147125,17.82260167054947,8.911300835274735,4.455650417637368,7.25192369155208
2001-08-01,21.5979,27.4735,99.4939,14.226699930417,0,27.4735,2.2939113541859858e-8,3.493594557099235e-11,162.44628432363717,159.76287776132017,120.23190461122023,39.53097315009994,0.805021968695101,1.8783845936219021,12.418415759496382,6.209207879748191,3.1046039398740954,4.982988533495997
2001-09-01,16.9756,82.1314,64.1171,14.91972455173,0,82.1314,3.473504191011611e-11,2.009036608762422e-13,202.36330461125496,197.26753407373002,164.24662909362286,33.02090498010716,1.5287311612574825,3.567039376267459,9.298097947169243,4.649048973584621,2.3245244867923107,5.891563863059769
2001-10-01,13.0944,79.5069,37.068600000000004,15.6361372153253,0,79.5069,1.973737538331359e-13,3.5299070431063224e-15,243.75352909362306,234.2691095901073,210.7263157610359,23.5427938290714,2.84532585105473,6.639093652461036,8.095615865482648,4.047807932741324,2.023903966370662,8.662997618831698
2001-11-01,4.3854,14.3184,17.4582,15.1314478818647,5.321209788037129,8.99719021196287,2.7696474767058332e-15,5.32120978803713,219.72350597299877,213.09030473950293,202.72197729451176,10.368327444991166,1.9899603700487516,4.643240863447087,6.723717490354265,3.3618587451771327,1.6809293725885663,6.324170236035653
2001-12-01,1.4113,27.4497,12.3949,14.9529601907627,20.120502485499188,7.329197514500812,2.6240753507174146,22.817636922818902,212.67525015972998,206.7111440483393,199.5187824172333,7.192361631105996,1.7892318334172075,4.174874277973484,5.6752995491809815,2.8376497745904907,1.4188248872952454,5.593699165268729
2002-01-01,3.8627,40.6736,14.7646,13.7681712067241,18.684895853243376,21.988704146756625,17.105551694306314,24.396981081755968,238.61303825829623,229.8229146003971,220.32957739538315,9.493337205013944,2.637037097369739,6.153086560529391,5.541557764367147,2.7707788821835737,1.3853894410917869,7.538476001621178
2002-02-01,5.0117,29.9263,25.1637,12.9643611219686,7.407853568121315,22.518446431878687,20.00903051768701,11.795804132190273,262.85705434494884,250.29130272427005,232.9279468406789,17.36335588359114,3.7697254862036345,8.796026134475147,6.207522167047188,3.103761083523594,1.551880541761797,10.347906676236944
2002-03-01,6.499,87.0253,35.9693,22.9178195374868,0,87.0253,10.412953887444008,1.3828502447462654,330.3662007281229,297.04305973785597,268.0323499526543,29.010709785201698,9.996942297080084,23.326198693186864,10.80297630941818,5.40148815470909,2.700744077354545,26.02694277054141
2002-04-01,8.9395,68.3314,59.4593,24.658382263129,0,68.3314,1.3025315213116317,0.08031872343463364,337.6662814739659,300.84291668988766,253.84010039469092,47.00281629519674,11.047009435223474,25.776355348854775,14.566657163094435,7.2833285815472175,3.6416642907736088,29.418019639628383
2002-05-01,11.544,78.408,65.5253,24.4983588159341,0,78.408,0.07811398896685612,0.002204734467777525,332.32621438365777,298.09049889866634,247.1961089890111,50.894389909655246,10.27071464549743,23.965000839494,16.558247872394578,8.279123936197289,4.139561968098644,28.104562807592643
2002-06-01,17.7288,46.8729,95.4706,13.5755275952934,0,46.8729,0.0021945265046625743,1.0207963114950563e-5,294.0712035155158,274.2236777452921,208.7570159778726,65.46666176741948,5.954257731067105,13.893268039156577,15.008337068974456,7.504168534487228,3.752084267243614,17.64535230640019
2002-07-01,20.419,6.1689,103.3217,10.4427608790562,0,6.1689,1.018617050598035e-5,2.179260897021422e-8,214.92592616404312,208.75525336447748,155.39304354351256,53.36220982096492,1.8512018398696908,4.319470959695945,11.239692605896098,5.619846302948049,2.8099231514740244,7.129394111169969
2002-08-01,20.2304,45.1499,89.4854,8.81790741523184,0,45.1499,2.1743489916614992e-8,4.911905359922667e-11,200.54294356525605,195.5880564082498,151.46250809456072,44.12554831368908,1.4864661471018763,3.468421009904378,8.484105835331983,4.242052917665991,2.1210264588329957,5.589447468737374
2002-09-01,16.2197,52.7317,58.0216,10.8631301653411,0,52.7317,4.87679499656617e-11,3.511036335649678e-13,204.19420809460948,198.9531390284075,168.5602604639925,30.392878564414985,1.5723207198605962,3.668748346341391,6.704284370128385,3.3521421850641926,1.6760710925320963,5.344819438873487
2002-10-01,10.8637,94.6038,30.4499,11.3499707296915,0,94.6038,3.393817728815809e-13,1.1721860683386913e-14,263.1640604639929,250.5415005361308,229.66572066580022,20.875779870330575,3.7867679783586254,8.83579194950346,6.99403489899134,3.49701744949567,1.748508724747835,10.584300674251294
2002-11-01,6.6202,102.0376,15.2356,26.9485639824057,0,102.0376,1.0394781117485684e-14,1.3270795659012297e-15,331.7033206658002,297.7597830608082,285.0762757321046,12.683507328703627,10.1830612814976,23.7604763234944,11.451397453659295,5.7256987268296475,2.8628493634148238,26.623325686909226
2002-12-01,5.0537,98.045,9.7087,41.0367820835194,23.372640006806872,74.67235999319313,1.0912634011566599e-15,23.372640006806872,359.74863572529773,310.66946214701073,302.1701838830678,8.499278263942927,14.723752073486098,34.355421504800894,17.450099684763597,8.725049842381798,4.362524921190899,38.71794642599179
2003-01-01,2.4067,117.7587,11.5704,88.6591444939029,75.88765867936492,41.871041320635086,14.476572968420204,84.7837257177516,358.5177981721231,310.1857525745015,300.0991842459007,10.086568328600833,14.49961367928647,33.8324319183351,21.299808909366714,10.649904454683357,5.3249522273416785,39.15738414567677
2003-02-01,3.5269,80.672,20.3413,44.0187574745153,41.076792121518196,39.5952078784818,61.40592081274989,64.4545970265199,401.10031293713234,323.1877897834172,304.94015577987784,18.24763400353936,23.373756946114543,54.538766207600595,29.782377236987504,14.891188618493752,7.445594309246876,61.984360516847474
2003-03-01,7.6134,79.2158,42.7269,49.3820048547296,0,79.2158,58.971482498302024,5.483114528217882,443.12743827817985,330.58005870465024,292.5899111331359,37.99014757151434,33.76421387205888,78.78316570147072,42.36439407269759,21.182197036348796,10.591098518174398,89.37426421964511
2003-04-01,9.6213,46.4333,57.426,47.4291033241559,0,46.4333,5.2213807578151386,0.2617337704027438,344.24459189095103,304.02979634377886,258.0236958741433,46.006100469635555,12.064438664151652,28.150356883020518,36.28588849123283,18.142944245616416,9.071472122808208,37.221829005828724
2003-05-01,14.2189,66.8096,82.1772,29.6406507440602,0,66.8096,0.25840641849578366,0.003327351906960152,325.09170229263907,294.125752267889,232.57561656563476,61.550135702254266,9.289785007425012,21.67616501732503,30.38378233243856,15.19189116621928,7.59594558310964,29.27211060043467
2003-06-01,19.6778,43.7952,101.3464,19.0267878714649,0,43.7952,0.0033185596232164255,8.79228374372652e-6,276.37413512525796,261.0512184061673,195.42085902933286,65.63035937683446,4.596875015727193,10.72604170336345,23.3204382321105,11.66021911605525,5.830109558027625,16.556151261391076
2003-07-01,21.5825,4.5133,112.6369,15.7419988803926,0,4.5133,8.77885419904816e-6,1.3429544678360069e-8,199.93416780818706,195.02561585020806,141.36019380095877,53.66542204924929,1.4725655873937,3.4359863705853,16.5286692130028,8.2643346065014,4.1321673032507,7.568153673836
2003-08-01,22.1727,43.0677,100.67,15.9451055633707,0,43.0677,1.3412236173395839e-8,1.7308504964230306e-11,184.427893814371,180.57848992142058,135.44111348538442,45.13737643603616,1.154821167885126,2.6945827250652936,11.788993587258616,5.894496793629308,2.947248396814654,5.641831121879948
2003-09-01,17.7362,53.8115,62.9117,15.3234760184984,0,53.8115,1.7228536725889176e-11,7.996823834112909e-14,189.25261348540164,185.0973124884942,154.64528120812943,30.452031280364764,1.2465902990722326,2.9087106978352093,8.6903892575539,4.34519462877695,2.172597314388475,5.081308012223684
2003-10-01,10.9527,184.4193,28.4848,20.6553341840707,0,184.4193,7.736594756454354e-14,2.6022907765855487e-15,339.06458120812954,301.5391205583428,277.97039577121126,23.568724787131544,11.257638194936021,26.267822454850716,13.298684968326613,6.649342484163307,3.3246712420816533,29.59249369693237
2003-11-01,7.4447,54.3494,17.7704,33.0393025725595,0,54.3494,2.3699032394351483e-15,2.323875371504004e-16,332.31979577121126,298.08710131104624,283.3302444025562,14.756856908490022,10.269808338049506,23.962886122115513,15.712328870917412,7.856164435458706,3.928082217729353,27.890968339844868
2003-12-01,3.68,42.9874,11.3054,28.9026964625733,20.93809349853633,22.049306501463672,1.710720598182002e-16,20.93809349853633,305.3795509040199,281.99346873509114,273.03029706813965,8.963171666951496,7.0158246506786215,16.370257518250117,15.15210234773069,7.576051173865345,3.7880255869326724,20.15828310518279
2004-01-01,4.4056,40.3231,15.0148,25.1606096974019,14.83773510184886,25.485364898151136,16.45465488683823,19.32117371354696,314.970316853129,288.1323192475254,276.0329900898442,12.099329157681211,8.051399281681086,18.786598323922533,15.469001086274517,7.734500543137258,3.867250271568629,22.653848595491162
2004-02-01,4.8054,55.8849,24.5168,29.438159535879,16.257355911034086,39.62754408896592,15.633590225151126,19.94493939942992,331.29412440396123,297.5414303134135,277.41247467183456,20.128955641578955,10.125808227164315,23.626885863383404,17.06320620895922,8.53160310447961,4.265801552239805,27.892687415623207
2004-03-01,5.5061,64.4362,34.0873,33.6110786588826,8.537222378063031,55.898977621936965,16.833439342351205,11.648722435141746,350.14489163612274,306.69864673822764,278.23702909704423,28.46161764118341,13.03387346936853,30.412371428526566,20.064719785551834,10.032359892775917,5.016179946387958,35.42855137491453
2004-04-01,8.2272,102.2374,55.0027,45.6953108212796,0,102.2374,10.818219944968298,0.8305024901734477,391.2926490420125,320.80117799422436,274.1487868228121,46.65239117141226,21.14744131433644,49.34402973345169,27.474774066592186,13.737387033296093,6.8686935166480465,56.212723250099735
2004-05-01,11.3187,105.756,66.5198,62.5143905962528,0,105.756,0.8061783379262686,0.0243241522471791,380.7109651607384,317.85378365355547,262.83722015314885,55.01656350040662,18.857154452154877,44.00002705502805,30.887952345831376,15.443976172915688,7.721988086457844,51.72201514148589
2004-06-01,18.8378,33.15,101.4421,29.5452521505402,0,33.15,0.024242301771114735,8.185047606436291e-5,296.01146245492,275.595328862752,206.25206114460562,69.3432677181464,6.12484007765039,14.291293514517575,24.675194948987848,12.337597474493924,6.168798737246962,20.460092251764536
2004-07-01,20.8408,29.2565,107.042,29.2898301098254,0,29.2565,8.169570986512531e-5,1.5476619923760003e-7,235.50864284031547,227.11377701171193,167.2712634268904,59.84251358482152,2.5184597485810625,5.8764060800224795,18.129103131712608,9.064551565856304,4.532275782928152,10.408681862950631
2004-08-01,20.8508,17.0287,94.6779,28.0330305745491,0,17.0287,1.544744019460058e-7,2.9179729159423377e-10,184.2999635813648,180.45840084979972,137.68824003492944,42.77016081487028,1.1524688194695272,2.6890939120955633,12.85438130078809,6.427190650394045,3.2135953251970224,5.902689237292586
2004-09-01,18.8853,36.7275,70.9369,27.8083822736794,0,36.7275,2.908287275253931e-10,9.685640688406807e-13,174.41574003522027,171.14063959277865,139.74353015153275,31.397109441245902,0.9825301327324837,2.2925703097091286,9.22460762234705,4.612303811173525,2.3061519055867623,4.598722215295891
2004-10-01,12.18,92.5834,33.4945,14.1109906685992,0,92.5834,9.4642381556116e-13,2.21402532795206e-14,232.3269301515337,224.31945137804354,203.8475859080535,20.471865469990036,2.402243632047049,5.605235141443114,7.7512341695960645,3.8756170847980322,1.9378085423990161,7.5430436838421295
2004-11-01,5.9558,30.8132,19.2838,13.9312720279035,0.38944416649128716,30.42375583350871,1.9105540476873452e-14,0.3894441664912902,234.27134174156222,226.02920651564838,213.91262812517346,12.116578390474928,2.4726405677741523,5.769494658139688,6.815916491580144,3.407958245790072,1.703979122895036,7.473473781034724
2004-12-01,2.9492,39.9325,9.4082,13.9318875027004,23.33482755909845,16.597672440901547,0.26263940836313493,23.461632317226606,230.77293997443815,222.94840376764563,217.0352537497044,5.913150017941234,2.3473608620377546,5.477175344754761,6.108851569078599,3.0544257845392995,1.5272128922696497,7.00438823702441
2005-01-01,1.8,13.5252,15.2283,13.1557737838054,9.486505409766897,4.038694590233103,12.828237396014542,20.119900330978957,233.90218573595203,225.7051007668261,216.09537361827057,9.609727148555521,2.4591254907377817,5.737959478388157,5.7119847065442535,2.8559923532721267,1.4279961766360634,7.16595565502422
2005-02-01,2.1332,33.0139,20.1112,12.1587046128223,22.163732870982468,10.850167129017532,11.83480967559118,30.44882352637024,238.78035042287928,229.9684232422128,217.12678331073582,12.841639931476976,2.643578154199946,6.16834902646654,5.5703752404961335,2.7851876202480668,1.3925938101240334,7.5609428365905735
2005-03-01,6.0129,31.7264,40.6759,14.0082063775163,0,31.7264,26.343292370503523,4.105531155866718,275.19647568123935,260.13582499535374,231.59427853087755,28.5415464644762,4.518195205765681,10.542455480119923,6.72571363084121,3.362856815420605,1.6814284077103026,12.223883887830226
2005-04-01,9.2655,21.9186,60.1238,13.8543376782906,0,21.9186,3.888426792366496,0.2171043635002219,257.40130532324406,245.80400554935875,207.00691681132872,38.79708873803003,3.479189932165593,8.118109841719717,6.803269042004536,3.401634521002268,1.700817260501134,9.81892710222085
2005-05-01,14.446,34.0779,86.1198,9.24381597468884,0,34.0779,0.21451897812391138,0.002585385376310506,241.29933578945264,232.15276464283684,181.51513739103876,50.63762725179808,2.7439713439847395,6.402599802631059,6.364826923992851,3.1824134619964255,1.5912067309982127,7.993806533629272
2005-06-01,19.4947,71.1227,110.8153,8.02948420039887,0,71.1227,0.002578184066330782,7.201309979724263e-6,252.6404155751051,241.82788330200538,176.19848305341623,65.62940024858915,3.243759681929916,7.568772591169803,6.405724403948511,3.2028622019742556,1.6014311009871278,9.170203692156932
2005-07-01,21.933,8.4856,113.3713,8.50524621840503,0,8.4856,7.191365851399578e-6,9.944128324685186e-9,184.68409024478208,180.81894240858395,130.7880681057623,50.030874302821644,1.1595443508594399,2.705603485338693,5.0435125032053,2.52175625160265,1.260878125801325,3.9664816111400185
2005-08-01,21.6227,6.5458,100.9003,8.33599064925665,0,6.5458,9.929114123023332e-9,1.5014201661853856e-11,137.33386811569142,135.6180288905029,101.65205452838642,33.965974362116484,0.5147517675565553,1.2010874576319621,3.7055095138412373,1.8527547569206186,0.9263773784603093,2.1274648360922717
2005-09-01,16.9092,34.094,64.7531,8.72250882171185,0,34.094,1.4926194897416193e-11,8.800676443766321e-14,135.74605452840134,134.0808323259556,111.43416713585184,22.646665190103775,0.4995666607337199,1.1656555417120131,2.8033841163833046,1.4016920581916523,0.7008460290958262,1.8665015708078392
2005-10-01,12.8373,69.1223,36.4607,12.3568874974251,0,69.1223,8.634173078537938e-14,1.6650336522838252e-15,180.5564671358519,176.93842470405122,159.43373166700727,17.50469303704395,1.0854127295402065,2.532629702260482,2.592531230615674,1.296265615307837,0.6481328076539185,3.1807625099144
2005-11-01,5.5098,57.0956,15.7225,11.8245017981039,7.511892214872257,49.58370778512774,1.4055573540902408e-15,7.511892214872257,209.01743945213502,203.37559146551916,194.44183027955808,8.933761185961089,1.6925543959847573,3.9492935906311,2.8567237510669536,1.4283618755334768,0.7141809377667384,4.663474528397838
2005-12-01,2.6767,97.9033,10.4686,13.1680832797435,60.27957132638708,37.62372867361292,4.866464611192732,62.9249989300666,236.93202356436373,228.35809939800413,221.62898000417331,6.729119393830814,2.572177249907881,6.001746916451722,3.6192673339832226,1.8096336669916113,0.9048168334958057,6.906563749947528
2006-01-01,2.5662,32.627,12.0091,12.2024033234024,20.48104391890378,12.145956081096223,40.04901991061832,43.35702293835205,273.82395599588784,259.06338166447637,250.32524049558688,8.738141168889484,4.4281722994234425,10.332402031988032,5.364959755604443,2.6824798778022214,1.3412399389011107,11.673641970889143
2006-02-01,3.5067,68.0798,22.8957,10.940064514954,34.85873563150239,33.221064368497615,31.332296113315667,46.88346245653878,314.8786009774002,288.0756870562408,269.8340019067481,18.241685149492696,8.040874176347824,18.762039744811588,8.93722262130151,4.468611310650755,2.2343056553253775,20.996345400136967
2006-03-01,7.4379,71.4022,39.1171,29.5612544952597,0,71.4022,42.688514944798456,4.194947511740324,383.9247168515465,318.79287121531524,285.08245166096503,33.71041955435021,19.539553690869383,45.59229194536189,18.98451754144726,9.49225877072363,4.746129385361815,50.338421330723705
2006-04-01,10.6667,72.0017,66.0207,20.6830305499313,0,72.0017,4.046727037672538,0.14822047406778616,361.13087869863756,311.20404540503307,257.7056958788338,53.49834952619926,14.978049988081345,34.948783305523136,22.641711686352405,11.320855843176203,5.660427921588101,40.60921122711124
2006-05-01,15.5308,24.9179,89.8476,12.980363466688,0,24.9179,0.14692868956759395,0.0012917845001922112,282.7705245684014,265.9426202354721,205.73175160382067,60.21086863165141,5.0483712998788,11.779533033050534,18.460055324154137,9.230027662077068,4.615013831038534,16.39454686408907
2006-06-01,18.6594,73.683,105.6176,9.38537517797657,0,73.683,0.001287208674923065,4.5758252691461415e-6,279.41603881249557,263.39467785922795,194.78356364909797,68.61111421012998,4.806408285980285,11.214952667287331,15.510975740089615,7.755487870044807,3.8777439350224037,15.092696602309735
2006-07-01,22.0417,27.0176,110.1663,9.47584997312134,0,27.0176,4.5697012059241965e-6,6.1240632219450514e-9,221.80116821879918,214.95784242355847,156.91136158245274,58.04648084110573,2.0529977385722105,4.790328056668491,11.709315652441218,5.854657826220609,2.9273289131103044,7.717656969778796
2006-08-01,20.428,5.4248,92.6064,8.98223918600499,0,5.4248,6.1110229992484e-9,1.3040222696651744e-11,162.33616158856375,159.6577647712602,122.54065345939873,37.117111311861464,0.8035190451910693,1.8748777721124952,8.341889798421525,4.170944899210762,2.085472449605381,3.960350221717876
2006-09-01,16.9092,107.3912,58.6395,9.71773156830429,0,107.3912,1.2963786544205848e-11,7.643615244589615e-14,229.93185345941168,222.2046675955375,187.92772636623567,34.276941229301826,2.318155759162255,5.409030104711928,7.106697038389186,3.553348519194593,1.7766742595972964,7.185704364309224
2006-10-01,12.7397,143.0064,36.3742,19.2009672389885,0,143.0064,7.49488355295508e-14,1.4873169163453514e-15,330.9341263662358,297.3486120704134,267.9978458926188,29.35076617779464,10.075654288746705,23.509860007075645,11.45490088475726,5.72745044237863,2.863725221189315,26.37358522826496
2006-11-01,8.8607,60.3413,18.71,16.8160024009887,0,60.3413,1.3989492597732568e-15,8.836765657209459e-17,328.3391458926188,295.93886218231074,280.5342282743857,15.404633907925017,9.72008511309241,22.68019859721562,14.116657331899779,7.058328665949889,3.5291643329749447,26.209362930190565
2006-12-01,2.0613,49.9299,10.5544,26.8051583547272,33.856251807865185,16.07364819213482,5.1218358530668624e-17,33.856251807865185,296.60787646652057,276.01384832816467,267.8147770042978,8.19907132386686,6.178208441506769,14.415819696849125,13.529910515604366,6.764955257802183,3.3824776289010914,17.798297325750216
2007-01-01,3.0199,23.0868,14.8224,14.322098523937,13.293697691238735,9.793102308761265,23.0545207152895,24.09542878381442,300.66240002834854,278.81932984489566,267.25794936014057,11.561380484755091,6.552921055035864,15.290149128417015,13.38855438042682,6.69427719021341,3.347138595106705,18.63728772352372
2007-02-01,4.9244,117.607,20.6968,44.4994432908967,31.307536822554233,86.29946317744577,19.651462320048438,35.751503286320215,373.2088748576348,315.5014422040393,297.38557788577384,18.115864318265437,17.31222979607865,40.39520285751685,20.467189451003648,10.233594725501824,5.116797362750912,45.512000220267765
2007-03-01,4.947,71.0488,36.2815,26.2500000879206,18.573353097617066,52.475446902382934,29.200528237675545,25.124328146261735,379.0615530258323,317.3561817787567,286.1062703242669,31.24991145448979,18.511611374122683,43.19375987295293,25.985867216750886,12.992933608375443,6.496466804187722,49.69022667714065
2007-04-01,8.5862,102.9672,58.2814,39.6827375303324,0,102.9672,23.508889690042267,1.6154384562194686,412.5823600143092,325.6165799702396,275.6693853175832,49.947194652656435,26.089734013220866,60.87604603084869,34.717067486647835,17.358533743323918,8.679266871661959,69.55531290251065
2007-05-01,11.9415,81.695,75.8217,29.7643611782377,0,81.695,1.5758879886623918,0.03955046755707681,358.94027330624556,310.3526019086777,249.90370109649047,60.44890081218722,14.576301419270361,34.01136997829751,32.8622459372788,16.4311229686394,8.2155614843197,42.22693146261721
2007-06-01,15.9011,41.8033,95.075,18.193434996458,0,41.8033,0.039240615364703864,3.098521923729433e-4,291.7462417118552,272.56003242082346,207.72519642653756,64.8348359942859,5.7558627873095185,13.43034650372221,25.74540581639221,12.872702908196105,6.436351454098053,19.866697957820264
2007-07-01,19.1928,4.0003,112.024,12.758177065006,0,4.0003,3.0891079865548747e-4,9.413937174558443e-7,211.72580533733623,205.84692214117038,149.46529489719697,56.38162724397341,1.7636649588497533,4.115218237316091,18.339380516827976,9.169690258413988,4.584845129206994,8.700063366523086
2007-08-01,19.056,12.9052,95.0285,11.7438745997096,0,12.9052,9.384187319911509e-7,2.9749854646934024e-9,162.3704958356157,159.69053787633544,121.72054519379418,37.96999268254126,0.8039873877840819,1.875970571496191,12.762245269741372,6.381122634870686,3.190561317435343,5.066531888931534
2007-09-01,16.714,40.9425,65.6181,10.9886870239094,0,40.9425,2.956539807422229e-9,1.8445657271173527e-11,162.66304519675072,159.96975573145707,132.622200055756,27.347555675701074,0.8079868395880936,1.8853026257055516,9.046821406219644,4.523410703109822,2.261705351554911,4.147007977260463
2007-10-01,10.5499,28.9802,37.362,12.0319168046602,0,28.9802,1.777163678693249e-11,6.740204842410367e-13,161.60240005577376,158.9571929845158,142.86303413638512,16.09415884813069,0.7935621213773828,1.8516449498805598,6.560255685064685,3.2801278425323424,1.6400639212661712,3.491708871146731
2007-11-01,5.548,37.5679,22.1019,12.13531657054,4.582071827247626,32.98582817275238,5.701305052410375e-13,4.58207182724773,175.84886230913807,172.4962613545486,161.94022363238383,10.556037722164774,1.0057802863768386,2.3468206682126236,5.044023980961016,2.522011990480508,1.261005995240254,3.6078266634528777
2007-12-01,2.7625,11.7048,12.29,12.2399472860135,7.094262992171289,4.610537007828712,3.0077793727098,8.668555446709219,169.55854001292235,166.5351845405915,160.78889926555678,5.746285275034722,0.9070066416992546,2.116348830631594,3.96735374844018,1.98367687422009,0.991838437110045,3.108187267741639
2008-01-01,4.8869,69.0989,16.1207,11.6829425948161,18.93868087046363,50.16021912953637,7.052450809856933,20.554785507315916,218.0015692049501,211.53794921592353,202.0156699597463,9.522279256177228,1.9390859967079705,4.524533992318598,3.937626496765434,1.968813248382717,0.9844066241913585,5.508940616509957
2008-02-01,5.0613,43.4123,25.8269,10.755422075883,10.27653161865632,33.13576838134368,16.910270565575527,13.921046560396707,252.0617089066655,241.34093756244516,224.17331258790625,17.16762497453891,3.2162314032661015,7.504539940954237,4.769238600021024,2.384619300010512,1.192309650005256,8.696849590959493
2008-03-01,5.5953,29.668,40.353,10.7006448189587,3.2615422437280666,26.406457756271934,11.8043381030471,5.378250701077674,262.3841084472253,249.90537676060956,222.691647410216,27.21372935039355,3.7436195059847193,8.735112180631011,5.675238737337161,2.8376193686685807,1.4188096843342903,10.153921864965302
2008-04-01,8.6151,189.9447,60.2773,42.5816238237464,0,189.9447,5.0353051507394,0.3429455503382739,417.6716525609554,326.58216797886234,274.9146601946681,51.66750778419424,27.32684537462792,63.76263920746514,22.00138940797672,11.00069470398836,5.50034735199418,69.26298655945932
2008-05-01,11.1309,122.8913,65.3646,18.778136053516,0,122.8913,0.3323434332807551,0.01060211705751879,398.13830362794886,322.49938253270267,267.56036959600266,54.93901293670001,22.691676328573855,52.94724476667233,29.795377157700386,14.897688578850193,7.448844289425097,60.39608905609742
2008-06-01,15.5885,59.9816,90.6633,22.452520591028,0,59.9816,0.010511238106990124,9.087895052866529e-5,327.55248083410964,295.50462757918984,228.06860820979443,67.43601936939541,9.61435597647594,22.43349727844386,26.273155422784217,13.136577711392109,6.568288855696054,29.001786134139913
2008-07-01,19.049,9.7375,108.087,12.7926436536326,0,9.7375,9.059117643586359e-5,2.877740928017053e-7,237.80619880097086,229.12049176679287,168.2461406540339,60.87435111275897,2.6057121102533984,6.079994923924596,19.252578355358413,9.626289177679206,4.813144588839603,10.893139512764199
2008-08-01,19.7697,13.6486,96.7117,11.9303634631712,0,13.6486,2.8703351739979293e-7,7.405754019123821e-10,181.89474094106743,178.19809277443733,135.17586973624023,43.0222230381971,1.1089944499890294,2.5876537166410682,13.574381870231628,6.787190935115814,3.393595467557907,5.981249184198975
2008-09-01,15.2528,39.5878,60.0013,11.4546014451651,0,39.5878,7.335835098900322e-10,6.991892022349929e-12,174.7636697369738,171.4698920946567,144.45606446595158,27.013827628705116,0.988133292695133,2.3056443496219767,9.708343441951174,4.854171720975587,2.4270858604877934,4.73273021010977
2008-10-01,10.5133,146.4702,33.4745,9.60079135689269,0,146.4702,6.733697023927419e-12,2.581949984225102e-13,290.9262644659583,271.96818014779285,247.16191449339615,24.806265654396697,5.687425295449634,13.270659022715812,10.263845824933872,5.131922912466936,2.565961456233468,15.83662047894928
2008-11-01,3.9215,51.3476,16.291,18.530099710364,23.11467921427241,28.23292078572759,1.9464387954822713e-13,23.114679214272474,275.3948352791239,260.2903218965479,248.45255865093023,11.837763245617651,4.5313540147728135,10.57315936780323,9.863466559804458,4.931733279902229,2.4658666399511144,13.039026007754345
2008-12-01,2.531,61.1077,10.4684,28.5500294039478,38.58858509553158,22.519114904468424,14.625933429983922,47.07733087982013,285.5976069853826,268.05916737810776,260.16030940786254,7.898857970245217,5.261531882182447,12.276907725092377,10.083332294657936,5.041666147328968,2.520833073664484,14.79774079875686
2009-01-01,1.0371,116.9072,11.4365,64.5522276487992,88.87909390524025,28.02810609475975,20.502508263749515,115.45391652131087,308.69092376637184,284.16174873653324,275.02662180784125,9.135126928691989,7.358752508951579,17.170422520887016,11.628056535739676,5.814028267869838,2.907014133934919,20.077436654821934
2009-02-01,3.6664,58.9698,24.3393,62.1475676172985,28.840868783615058,30.12893121638494,84.87193404645612,59.42285125846982,390.0274870706823,320.4701087982553,298.9415742911809,21.52853450707437,20.8672134817281,48.6901647906989,21.663513344978515,10.831756672489258,5.415878336244629,54.10604312694353
2009-03-01,7.3717,52.5792,45.3706,29.1710434740231,0,52.5792,54.003668395687,5.419182862782819,405.52444268686793,324.1671825874493,284.75498040962714,39.41220217782217,24.407178029825587,56.95008206959303,30.713794249869398,15.356897124934699,7.6784485624673495,64.62853063206038
2009-04-01,7.5479,77.7535,58.5292,30.5490915442893,0,77.7535,4.94940428583307,0.4697785769497491,367.4578846954602,313.53707977894277,265.25492485686806,48.28215492207471,16.176241474955237,37.744563441562214,31.260023816549758,15.630011908274879,7.8150059541374395,45.559569395699654
2009-05-01,13.884,33.7708,91.3606,17.9318582077741,0,33.7708,0.46320219661808243,0.006576380331666687,299.4889270534861,278.0145585621284,214.14282426901488,63.87173429311352,6.442310547407317,15.032057943950404,25.134889575971386,12.567444787985693,6.283722393992846,21.315780337943252
2009-06-01,17.6517,17.5431,102.3921,13.3373388488919,0,17.5431,0.006545248445359117,3.1131886307570085e-5,231.69246951746024,223.76016908487276,167.00536662899276,56.75480245588,2.3796901297762445,5.552610302811237,18.343053137165086,9.171526568582543,4.5857632842912714,10.138373587102508
2009-07-01,19.9907,5.5071,112.6877,11.900205198123,0,5.5071,3.105670616483586e-5,7.518014273422754e-8,172.51249768569892,169.33802064956598,122.72326988934803,46.614750760217945,0.9523431108398824,2.222133925293059,12.86359749866998,6.43179874933499,3.215899374667495,5.438033299960554
2009-08-01,21.5367,6.9602,105.4805,11.6934056663635,0,6.9602,7.50637872982077e-8,1.1635543601983453e-10,129.6834699644118,128.20143968312024,94.8436662116844,33.35777347143585,0.4446090843874714,1.0374211969040998,8.872137722038302,4.436068861019151,2.2180344305095754,3.2554556274136752
2009-09-01,17.2491,63.9267,62.6314,11.3715123475831,0,63.9267,1.1573696285105639e-10,6.184731687781366e-13,158.77036621180014,156.25019604731466,130.64865355535164,25.601542491963016,0.7560510493456434,1.7641191151398343,6.418792514255963,3.2093962571279815,1.6046981285639907,3.368817243703825
2009-10-01,13.1813,45.585,45.6606,10.4870750644333,0,45.585,6.078748788698743e-13,1.0598289908262235e-14,176.23365355535225,172.85998612158284,151.71793117139686,21.14205495018598,1.0121002301308237,2.3615672036385886,4.953928496257858,2.476964248128929,1.2384821240644646,3.6000493277030534
2009-11-01,8.0244,19.5702,21.5949,11.7814185623206,0,19.5702,9.797269210532537e-15,8.010206977296974e-16,171.28813117139686,168.17702679935903,158.11418174214324,10.062845057215782,0.9333313116113486,2.17777306042648,3.924839871912804,1.962419935956402,0.981209967978201,3.158983028404681
2009-12-01,3.6725,292.6399,11.3187,50.4609321737009,142.8612301239782,149.7786698760218,5.892146558173687e-16,142.8612301239782,307.8928516181651,283.64378836123876,274.61772555891105,9.026062802327715,7.274718977077896,16.974344279848424,7.4663725659938,3.7331862829969,1.86659314149845,18.840937421346872
