code,date,tas,pre,etp,qhmobs
5029,198501,3.01537418365479,169.321075439453,29.7615413665771,9.514
5029,198502,7.24662351608276,258.142120361328,46.910587310791,27.724
5029,198503,5.36587810516357,147.183074951172,62.7644958496094,14.514
5029,198504,11.2058725357056,60.6294250488281,98.7897415161133,5.423
5029,198505,10.5714302062988,154.714569091797,109.341896057129,12.354
5029,198506,18.3354644775391,23.2434959411621,182.250762939453,8.205
5029,198507,23.2242126464844,2.52615022659302,180.166213989258,8.751
5029,198508,22.7712078094482,1.55209720134735,203.471374511719,8.07
5029,198509,20.4612693786621,36.6454200744629,142.983551025391,5.281
5029,198510,13.54407787323,5.14987516403198,78.976806640625,2.726
5029,198511,10.1565980911255,166.415191650391,47.9162292480469,2.052
5029,198512,7.90723419189453,151.425567626953,32.3831024169922,3.852
5029,198601,6.08092880249023,231.700057983398,36.3617973327637,10.304
5029,198602,6.00237035751343,342.953552246094,40.6529998779297,34.824
5029,198603,9.02361392974854,64.9978790283203,74.4012069702148,11.814
5029,198604,9.76840305328369,187.510787963867,99.2665100097656,9.213
5029,198605,16.7051372528076,65.0357894897461,168.166580200195,10.944
5029,198606,20.443265914917,96.5035171508789,210.127532958984,10.095
5029,198607,22.9373626708984,10.9647378921509,190.483322143555,10.051
5029,198608,21.6508178710938,1.57887554168701,192.86637878418,9.18
5029,198609,19.6747932434082,41.6628761291504,134.571151733398,4.841
5029,198610,16.1561660766602,159.345245361328,93.4097061157227,4.776
5029,198611,10.3309659957886,58.0404510498047,51.9705429077148,1.822
5029,198612,6.82190608978271,54.8767242431641,31.644458770752,2.532
5029,198701,7.62035655975342,194.727935791016,35.2314376831055,6.474
5029,198702,6.76231098175049,231.773513793945,49.1642951965332,20.084
5029,198703,11.4590940475464,21.9876461029053,86.1399917602539,5.644
5029,198704,13.2419414520264,58.3318748474121,117.744888305664,3.233
5029,198705,16.4724235534668,5.35677671432495,171.009155273438,6.404
5029,198706,20.905818939209,2.33602595329285,219.814331054688,7.225
5029,198707,23.6076374053955,32.0483283996582,179.188095092773,8.161
5029,198708,25.1143455505371,10.6591539382935,201.680435180664,7.51
5029,198709,22.6321563720703,12.4062185287476,142.286224365234,3.681
5029,198710,14.4789371490479,108.228950500488,76.9338836669922,1.186
5029,198711,8.91359519958496,129.143371582031,42.3224067687988,2.442
5029,198712,8.3010892868042,201.792251586914,32.5846061706543,9.952
5029,198801,6.80614233016968,172.781280517578,33.6534118652344,10.484
5029,198802,9.23615741729736,53.0029029846191,60.2823143005371,6.894
5029,198803,11.0711269378662,57.1696586608887,90.9783630371094,2.444
5029,198804,12.1299495697021,143.916427612305,115.995170593262,5.443
5029,198805,14.1865892410278,115.116561889648,145.133651733398,10.854
5029,198806,16.8637371063232,130.241851806641,177.52571105957,8.985
5029,198807,22.7807331085205,8.57806873321533,179.200149536133,9.231
5029,198808,23.8090648651123,1.44141805171967,204.039749145508,8.67
5029,198809,20.0494613647461,10.2638959884644,137.769577026367,4.611
5029,198810,14.8109474182129,71.9007110595703,82.1416473388672,1.296
5029,198811,10.382345199585,88.7460632324219,46.2614555358887,0.642
5029,198812,8.63885974884033,39.5411186218262,35.9677276611328,2.132
5029,198901,8.16831588745117,23.9550704956055,38.4109077453613,0.664
5029,198902,7.85724830627441,153.3583984375,50.5227432250977,4.464
5029,198903,10.9409971237183,60.327938079834,90.7247924804688,3.104
5029,198904,9.52469158172607,145.916275024414,95.7017288208008,8.813
5029,198905,14.8724718093872,130.551818847656,154.337432861328,7.694
5029,198906,19.5917816162109,11.1299781799316,200.15885925293,8.025
5029,198907,25.5452880859375,12.7245359420776,198.840957641602,7.661
5029,198908,23.4776287078857,8.18532943725586,188.753372192383,7.12
5029,198909,18.4432964324951,98.8630981445312,112.052314758301,4.601
5029,198910,15.9834632873535,28.2739086151123,92.0598220825195,0.796
5029,198911,8.22149085998535,173.915802001953,37.2003135681152,1.352
5029,198912,5.13354682922363,196.168167114258,25.7714462280273,13.652
5029,199001,3.03500199317932,107.098968505859,27.1784706115723,5.384
5029,199002,7.03024196624756,12.4870939254761,48.0227432250977,2.484
5029,199003,7.47587537765503,46.7319641113281,53.9058685302734,1.624
5029,199004,7.07268619537354,161.870391845703,64.1408386230469,2.823
5029,199005,11.8072814941406,40.4973640441895,103.661590576172,6.704
5029,199006,16.137113571167,41.982006072998,150.075103759766,7.425
5029,199007,21.3499546051025,15.8263969421387,155.540756225586,7.951
5029,199008,21.3837375640869,10.5554370880127,173.185684204102,7.41
5029,199009,17.4614105224609,77.1806564331055,102.283828735352,3.781
5029,199010,10.7328815460205,108.329696655273,55.0460052490234,0.786
5029,199011,5.65441846847534,118.294311523438,31.0814456939697,2.132
5029,199012,2.90786790847778,56.8815727233887,19.682788848877,3.632
5029,199101,2.33832192420959,43.0479431152344,22.7220802307129,1.864
5029,199102,3.40442323684692,139.52311706543,32.4621887207031,4.474
5029,199103,5.90406847000122,135.450332641602,49.1838417053223,14.634
5029,199104,7.21947526931763,27.3538799285889,66.3307952880859,3.923
5029,199105,10.7426786422729,12.2348918914795,106.484153747559,6.504
5029,199106,17.4768695831299,49.3344993591309,164.337615966797,7.025
5029,199107,22.3356323242188,7.50719833374023,160.748413085938,7.961
5029,199108,23.1021404266357,7.51793098449707,180.729446411133,7.21
5029,199109,18.0753936767578,45.8289260864258,104.434158325195,3.681
5029,199110,9.1342887878418,84.2192764282227,49.332462310791,0.986
5029,199111,5.20439958572388,73.4418716430664,31.4473400115967,0.832
5029,199112,4.26577281951904,31.7135715484619,23.2673206329346,1.932
5029,199201,1.51867246627808,13.5503520965576,25.1185836791992,0.754
5029,199202,3.68486905097961,113.86629486084,38.4226570129395,1.254
5029,199203,5.98389387130737,94.7055511474609,57.771671295166,2.694
5029,199204,8.40715503692627,130.254302978516,81.0781860351562,13.803
5029,199205,12.3693227767944,91.4429397583008,116.770179748535,6.494
5029,199206,12.2022304534912,184.511291503906,118.13037109375,9.645
5029,199207,20.1357555389404,7.99528741836548,146.524505615234,7.991
5029,199208,21.2531814575195,5.5090913772583,170.257049560547,7.44
5029,199209,17.6724967956543,22.5714054107666,110.53604888916,4.101
5029,199210,9.02465152740479,118.834335327148,51.0161361694336,1.186
5029,199211,7.72645854949951,29.4731788635254,37.9561347961426,1.032
5029,199212,3.91567015647888,110.119888305664,22.2054557800293,2.732
5029,199301,3.41267967224121,18.2192306518555,31.7211837768555,1.354
5029,199302,3.02676916122437,44.8562202453613,35.0763969421387,1.454
5029,199303,6.17861604690552,41.8314933776855,60.4143295288086,0.774
5029,199304,7.24966049194336,107.563484191895,75.5731964111328,1.273
5029,199305,10.173059463501,103.971778869629,100.704414367676,9.664
5029,199306,16.9817295074463,46.3628425598145,163.942672729492,6.995
5029,199307,21.5683536529541,3.3842785358429,157.579193115234,7.631
5029,199308,20.8240737915039,20.7176113128662,165.319122314453,7.6
5029,199309,14.7811117172241,7.39214706420898,95.4741516113281,4.081
5029,199310,8.13147830963135,91.4366912841797,48.2072601318359,0.886
5029,199311,5.24959373474121,100.569694519043,30.4745121002197,0.732
5029,199312,4.030677318573,17.4678478240967,24.2908477783203,0.732
5029,199401,2.4329628944397,114.894165039062,25.8709201812744,3.854
5029,199402,3.29359364509583,152.833801269531,35.9973297119141,5.464
5029,199403,7.68355894088745,16.4494972229004,68.9505233764648,4.094
5029,199404,7.00143671035767,82.6832733154297,77.130989074707,1.883
5029,199405,12.8275241851807,58.449764251709,118.179817199707,6.154
5029,199406,19.3252506256104,2.39997243881226,187.081619262695,7.085
5029,199407,24.028600692749,3.39711260795593,173.351547241211,7.731
5029,199408,23.4020137786865,2.38068652153015,177.792953491211,7
5029,199409,15.4796409606934,34.8503150939941,99.3640441894531,3.281
5029,199410,10.8319396972656,109.611137390137,51.3622970581055,0.786
5029,199411,7.92267847061157,63.5973358154297,35.598030090332,0.932
5029,199412,4.40484809875488,19.9626197814941,24.7356719970703,0.532
5029,199501,2.89243769645691,63.9949150085449,26.2262020111084,0.754
5029,199502,6.32686614990234,34.9987907409668,43.5019264221191,1.054
5029,199503,6.88382053375244,106.836547851562,63.3408355712891,6.874
5029,199504,8.65867614746094,12.4548997879028,83.5220718383789,1.263
5029,199505,14.5527486801147,28.291877746582,131.927444458008,5.524
5029,199506,16.4452495574951,77.2805328369141,158.266311645508,6.455
5029,199507,22.1401271820068,3.63463354110718,160.080093383789,7.311
5029,199508,21.4151020050049,30.0224475860596,163.303482055664,6.79
5029,199509,14.3074417114258,18.3434295654297,89.5512542724609,3.371
5029,199510,13.2426271438599,10.0544996261597,68.5371017456055,0.476
5029,199511,8.53464221954346,80.8704299926758,35.5842971801758,0.342
5029,199512,4.94139003753662,377.191009521484,20.0809230804443,10.262
5029,199601,3.94327688217163,310.442321777344,21.3791370391846,28.104
5029,199602,2.12038373947144,246.605560302734,29.3524684906006,31.924
5029,199603,5.60873460769653,99.1924285888672,52.1504707336426,7.714
5029,199604,9.2218770980835,92.4391250610352,76.8562393188477,7.913
5029,199605,11.5231695175171,130.028076171875,104.640762329102,13.854
5029,199606,17.5420265197754,34.6003799438477,170.850692749023,8.925
5029,199607,20.2384910583496,24.4371471405029,147.008392333984,9.331
5029,199608,19.7207984924316,24.5694847106934,158.08528137207,8.51
5029,199609,13.4745664596558,157.624221801758,78.092041015625,6.201
5029,199610,10.7567100524902,59.9269218444824,61.8053359985352,2.296
5029,199611,6.95145130157471,177.847885131836,32.4837493896484,8.002
5029,199612,3.71200752258301,305.157653808594,18.8882942199707,18.492
5029,199701,2.95173358917236,271.415405273438,20.8017101287842,42.214
5029,199702,6.88424396514893,12.8291606903076,45.8039932250977,5.714
5029,199703,9.59990119934082,16.2075710296631,75.982536315918,1.504
5029,199704,10.2281713485718,178.450256347656,79.7734146118164,5.703
5029,199705,12.0342473983765,141.725677490234,102.73641204834,6.834
5029,199706,15.5182399749756,36.747444152832,146.276016235352,7.905
5029,199707,19.2434139251709,5.4560022354126,143.290405273438,8.591
5029,199708,20.0926666259766,50.4874992370605,157.174346923828,7.95
5029,199709,17.1049518585205,134.497955322266,100.726745605469,4.341
5029,199710,12.2199821472168,49.241641998291,60.5675163269043,2.006
5029,199711,6.23832368850708,437.423004150391,26.1127643585205,30.522
5029,199712,4.35762405395508,224.822280883789,20.9216575622559,20.692
5029,199801,3.72678875923157,42.8940734863281,24.2981014251709,7.214
5029,199802,6.02923488616943,51.8265724182129,39.0606460571289,4.614
5029,199803,8.44693470001221,60.2622489929199,69.5124359130859,0.804
5029,199804,6.47644472122192,142.40380859375,65.7041320800781,5.313
5029,199805,10.2599878311157,175.623352050781,92.9220733642578,13.574
5029,199806,18.2569160461426,17.9841537475586,167.913436889648,8.455
5029,199807,22.0945892333984,4.49074792861938,158.888900756836,8.141
5029,199808,21.7177619934082,13.495246887207,172.609832763672,7.68
5029,199809,16.6186485290527,69.3102645874023,95.3444061279297,4.361
5029,199810,10.2383813858032,48.2286033630371,58.6811828613281,1.566
5029,199811,6.8659086227417,39.5821914672852,33.5377769470215,1.172
5029,199812,3.64629054069519,43.3820533752441,23.9348011016846,1.052
5029,199901,2.79902005195618,68.2083587646484,25.1999492645264,1.474
5029,199902,2.64651226997375,53.9472923278809,35.5440559387207,1.884
5029,199903,5.93162250518799,171.515899658203,54.0529479980469,5.124
5029,199904,9.88064289093018,14.3817377090454,88.8034744262695,4.023
5029,199905,14.7984571456909,33.3136367797852,128.6220703125,6.404
5029,199906,18.6556720733643,37.2058601379395,174.904815673828,6.925
5029,199907,22.181324005127,3.96394157409668,158.846771240234,7.871
5029,199908,21.973783493042,16.835765838623,175.868515014648,7.13
5029,199909,16.4683380126953,58.4969329833984,101.976692199707,3.701
5029,199910,11.756908416748,180.880416870117,54.2528839111328,3.096
5029,199911,4.70227479934692,49.9410171508789,34.262134552002,1.142
5029,199912,2.83895707130432,149.972564697266,20.4715938568115,10.242
5043,199704,12.3873624801636,72.2659149169922,92.5239105224609,33.334
5043,199705,15.0709991455078,47.2928695678711,120.29857635498,39.6874
5043,199706,18.7685108184814,13.2348051071167,159.533309936523,37.7854
5043,199707,21.3575038909912,2.37465882301331,158.064971923828,30.9918
5043,199708,21.7655353546143,13.9340953826904,151.354644775391,32.479
5043,199709,18.8062343597412,110.033203125,104.119163513184,17.6088
5043,199710,14.9209003448486,27.6280498504639,64.6494064331055,16.861
5043,199711,9.43180751800537,79.8170928955078,34.1814346313477,28.8338
5043,199712,6.55066394805908,91.3895721435547,24.3780212402344,70.3858
5043,199801,6.39285469055176,14.4587650299072,28.4337730407715,30.9592
5043,199802,8.22927665710449,23.6584434509277,44.3243980407715,25.6992
5043,199803,10.8400592803955,17.1788463592529,77.21875,16.7036
5043,199804,10.2814197540283,19.0099430084229,85.306884765625,26.174
5043,199805,13.7682085037231,89.2946701049805,112.159538269043,42.3974
5043,199806,20.4887943267822,7.50551223754883,174.057174682617,44.3054
5043,199807,24.2131118774414,0.846465528011322,180.455932617188,33.3618
5043,199808,24.1794853210449,4.03648996353149,170.10546875,29.749
5043,199809,20.1696815490723,20.2382946014404,109.382583618164,11.0188
5043,199810,13.6314697265625,4.49006509780884,67.0954895019531,7.531
5043,199811,8.61609554290771,19.888708114624,39.0815696716309,10.1338
5043,199812,4.77576732635498,26.0286884307861,26.9674797058105,9.0058
5043,199901,4.80505609512329,22.4512920379639,30.4914093017578,8.6792
5043,199902,5.23934412002563,28.867696762085,43.6690979003906,7.1092
5043,199903,9.37935733795166,65.1982574462891,67.0694427490234,11.3136
5043,199904,12.5352582931519,3.06216788291931,101.672721862793,21.424
5043,199905,17.3215484619141,8.16588497161865,141.744430541992,27.7174
5043,199906,20.9959239959717,4.90838861465454,178.604522705078,28.5154
5043,199907,24.3554992675781,1.0549213886261,178.476364135742,26.4318
5043,199908,24.7828903198242,1.39044988155365,172.680221557617,26.009
5043,199909,18.5236911773682,40.280948638916,101.819816589355,13.1288
5043,199910,14.2899198532104,68.850456237793,58.643741607666,7.171
5043,199911,7.0814061164856,33.347354888916,36.2914390563965,5.5738
5043,199912,5.86884641647339,40.5002975463867,25.2167682647705,6.8658
5043,200001,3.83537244796753,7.37054586410522,28.5933818817139,8.6392
5043,200002,9.24564361572266,2.61372685432434,56.2931632995605,6.2692
5043,200003,9.80396556854248,3.97178506851196,76.0639877319336,4.1236
5043,200004,9.93458652496338,35.4631004333496,84.3180618286133,20.874
5043,200005,15.7222337722778,80.3351364135742,128.987884521484,33.3574
5043,200006,20.8720283508301,1.51591336727142,182.273681640625,26.5854
5043,200007,24.5261154174805,1.01874971389771,183.70703125,26.1118
5043,200008,23.8526000976562,3.91521048545837,171.964065551758,24.809
5043,200009,19.6234436035156,15.2086172103882,110.814804077148,7.2888
5043,200010,13.2517709732056,94.6832275390625,60.7002410888672,8.171
5043,200011,7.67033338546753,24.1080570220947,35.2932205200195,12.2338
5043,200012,7.01538038253784,66.3388442993164,27.3145523071289,16.2558
5043,200101,6.45735740661621,47.719425201416,29.259614944458,42.7692
5043,200102,7.31798934936523,29.6726989746094,44.6596527099609,35.9392
5043,200103,11.6185388565063,24.3064136505127,73.0214920043945,54.7436
5043,200104,12.4687204360962,5.52680921554565,100.752838134766,28.724
5043,200105,14.1814041137695,67.7452392578125,119.097122192383,35.5774
5043,200106,22.3247184753418,7.57788467407227,195.313781738281,30.7354
5043,200107,23.1705112457275,1.10857558250427,174.858993530273,28.1318
5043,200108,23.6498737335205,5.14459753036499,167.040618896484,27.529
5043,200109,19.4179172515869,26.1644916534424,104.399299621582,10.7288
5043,200110,15.2289695739746,57.9441757202148,64.0655822753906,9.921
5043,200111,7.1274561882019,37.8671035766602,33.1298828125,7.4038
5043,200112,5.42281579971313,57.4171180725098,24.2017459869385,10.7558
5043,200201,6.19497966766357,14.3685054779053,29.3006591796875,10.7292
5043,200202,8.51616764068604,4.18339061737061,51.0550804138184,5.2692
5043,200203,9.10260677337646,47.7943458557129,64.9424362182617,8.3436
5043,200204,10.6912260055542,67.5966186523438,89.9916381835938,24.704
5043,200205,14.9336252212524,15.5020866394043,135.533569335938,27.5774
5043,200206,20.420726776123,31.913646697998,174.667922973633,28.4354
5043,200207,22.2262554168701,4.55281496047974,167.178939819336,29.3518
5043,200208,21.441951751709,20.3911037445068,152.414093017578,27.229
5043,200209,18.6637382507324,14.9556894302368,100.170585632324,8.5088
5043,200210,14.4288339614868,16.3297710418701,63.0779991149902,5.411
5043,200211,10.286337852478,71.9462585449219,37.4770812988281,9.6438
5043,200212,7.82599639892578,24.915454864502,26.7656440734863,12.5258
5043,200301,4.78303337097168,56.0969657897949,26.5738697052002,19.9092
5043,200302,5.73360586166382,61.6126518249512,37.431209564209,17.2492
5043,200303,9.88414669036865,29.4990043640137,66.4182891845703,19.2336
5043,200304,11.5175285339355,30.3309211730957,91.8389587402344,25.994
5043,200305,16.2769241333008,27.1626625061035,135.63542175293,28.9974
5043,200306,22.5452766418457,15.1167736053467,188.254837036133,26.9954
5043,200307,24.7210388183594,1.37145388126373,185.725372314453,25.5318
5043,200308,23.4619655609131,8.02446365356445,163.468109130859,26.089
5043,200309,19.4111957550049,10.0832824707031,108.490852355957,8.7388
5043,200310,13.7601833343506,72.1889877319336,58.5506210327148,8.431
5043,200311,9.04487991333008,59.3490943908691,35.5002975463867,10.2538
5043,200312,6.30692434310913,31.2950878143311,25.552173614502,10.0258
5043,200401,7.14777755737305,14.1321802139282,33.1243171691895,10.5992
5043,200402,8.08133029937744,29.516185760498,47.1149291992188,14.8392
5043,200403,8.82365417480469,82.4119720458984,64.4632720947266,13.7036
5043,200404,10.4983434677124,69.9532699584961,87.9804840087891,34.594
5043,200405,12.4447317123413,66.1634750366211,106.699592590332,42.0274
5043,200406,21.3284664154053,13.3714694976807,180.760986328125,35.8654
5043,200407,24.0573310852051,4.21336698532104,184.14323425293,31.1918
5043,200408,24.0178298950195,3.06069779396057,173.282516479492,28.719
5043,200409,21.262508392334,18.237606048584,118.537330627441,11.1988
5043,200410,15.6320924758911,8.22106552124023,73.9579467773438,5.791
5043,200411,8.46849918365479,11.5599927902222,42.5395927429199,6.1738
5043,200412,5.58206748962402,44.9959182739258,23.977071762085,9.6358
5043,200501,4.08328008651733,3.42028880119324,33.52490234375,9.1092
5043,200502,3.98394918441772,50.1399307250977,40.1806030273438,6.3392
5043,200503,8.97844982147217,31.6557636260986,67.8163757324219,8.3736
5043,200504,13.2080154418945,9.62626266479492,104.262153625488,18.484
5043,200505,17.0154705047607,5.48989915847778,145.854339599609,24.4574
5043,200506,20.9878768920898,3.40396046638489,179.629135131836,26.2054
5043,200507,25.1586589813232,2.27545928955078,184.892242431641,24.8618
5043,200508,24.2068691253662,3.39025330543518,175.373748779297,26.659
5043,200509,18.5698699951172,32.3714179992676,107.101692199707,9.2588
5043,200510,14.9503507614136,19.3025169372559,70.3973617553711,4.271
5043,200511,7.65290212631226,34.0321617126465,37.1973724365234,4.7138
5043,200512,5.32889461517334,12.3211488723755,25.394660949707,5.4158
5043,200601,4.20222043991089,54.0271949768066,26.6589870452881,6.3892
5043,200602,5.69308137893677,41.4718475341797,40.5152778625488,7.8292
5043,200603,9.69738483428955,16.7994384765625,68.723518371582,17.0436
5043,200604,12.9613103866577,47.4826202392578,100.680191040039,21.764
5043,200605,17.5944709777832,56.2852783203125,136.157104492188,26.8574
5043,200606,19.9512882232666,28.9647617340088,168.368545532227,30.5254
5043,200607,25.6876640319824,1.5548996925354,186.123306274414,26.0118
5043,200608,23.5539226531982,5.33147668838501,166.555389404297,24.649
5043,200609,19.6738224029541,35.0935134887695,109.788352966309,9.6888
5043,200610,16.267915725708,4.51162672042847,71.9917984008789,3.941
5043,200611,10.831488609314,61.1696128845215,38.2397422790527,7.4538
5043,200612,5.71701049804688,7.37878704071045,26.3645324707031,6.7758
5043,200701,5.81570434570312,72.8243560791016,33.495719909668,7.6492
5043,200702,8.04423904418945,25.3465633392334,43.8468933105469,12.7892
5043,200703,8.8579568862915,28.8500003814697,68.4611053466797,9.2636
5043,200704,10.1366472244263,78.9033050537109,80.1673431396484,31.114
5043,200705,15.4789333343506,60.1617088317871,127.440383911133,33.8174
5043,200706,20.459846496582,2.72954678535461,171.337844848633,28.3854
5043,200707,24.4007987976074,0.872979581356049,184.865295410156,26.1818
5043,200708,23.2659912109375,9.06338024139404,167.107421875,24.019
5043,200709,18.96360206604,63.2048263549805,105.836814880371,14.7088
5043,200710,13.2751636505127,28.4053649902344,64.2874908447266,6.951
5043,200711,8.6983470916748,9.21067810058594,42.0737113952637,4.5938
5043,200712,6.18985652923584,7.05862998962402,27.0923671722412,4.4358
5043,200801,6.5744686126709,23.342004776001,32.5421333312988,7.1092
5043,200802,7.64260959625244,15.5095977783203,44.9759216308594,4.9292
5043,200803,9.87917137145996,9.22430610656738,71.0294189453125,4.9236
5043,200804,11.4546422958374,34.2638816833496,92.4222946166992,23.144
5043,200805,14.0262069702148,65.6098785400391,113.07014465332,32.2774
5043,200806,18.6488990783691,24.2168312072754,162.833999633789,27.5254
5043,200807,23.7398700714111,2.21135854721069,179.141387939453,25.3618
5043,200808,23.1775417327881,1.28659868240356,166.986434936523,23.949
5043,200809,18.7533206939697,35.8437538146973,104.953346252441,9.3988
5043,200810,14.0478010177612,77.2405319213867,59.6696090698242,6.821
5043,200811,7.91588068008423,45.6006774902344,36.128963470459,12.7038
5043,200812,5.34390687942505,60.6670227050781,23.5090751647949,15.2658
5043,200901,4.56346797943115,43.2073707580566,26.0948162078857,27.0592
5043,200902,6.29135131835938,29.303014755249,41.015064239502,38.5292
5043,200903,9.72916412353516,69.5748443603516,67.899543762207,43.9036
5043,200904,9.82988739013672,32.2389183044434,82.4372024536133,34.244
5043,200905,15.4683589935303,11.9916973114014,132.099700927734,35.3574
5043,200906,21.5404071807861,2.32708644866943,184.631332397461,32.1954
5043,200907,25.0206069946289,1.55257725715637,189.30436706543,28.3518
5043,200908,23.9608421325684,28.1763019561768,172.552658081055,29.939
5043,200909,17.9700202941895,36.6056137084961,100.302124023438,11.8788
5043,200910,16.1256885528564,19.139440536499,74.2135925292969,8.041
5043,200911,11.134425163269,24.0330848693848,44.0584182739258,6.2638
5043,200912,6.94675064086914,152.823394775391,25.978307723999,24.1358
5043,201001,5.38244295120239,99.0521392822266,25.8457107543945,68.2692
5043,201002,6.47747230529785,107.150413513184,37.5801849365234,75.3692
5043,201003,8.41699695587158,82.9145584106445,60.6003036499023,85.4736
5043,201004,12.5181217193604,28.7051982879639,94.3030166625977,49.594
5043,201005,13.4563541412354,11.9107980728149,119.81371307373,36.9174
5043,201006,18.1426029205322,26.9141006469727,154.457702636719,33.2354
5043,201007,24.2279491424561,1.13137769699097,184.749359130859,32.0118
5043,201008,23.3761825561523,39.124813079834,166.016677856445,31.669
5043,201009,19.1993293762207,12.357382774353,110.921974182129,12.7088
5054,198501,1.02421522140503,45.6809997558594,23.5404434204102,0
5054,198502,5.63160085678101,231.338119506836,37.0512390136719,1.7
5054,198503,4.36201477050781,26.6183567047119,51.619026184082,0.1
5054,198504,10.153148651123,32.1717224121094,91.927619934082,0
5054,198505,10.8985061645508,73.726936340332,103.068092346191,0
5054,198506,18.6855525970459,33.5060081481934,159.699310302734,0.1
5054,198507,23.0968208312988,0.947444796562195,176.770599365234,0.2
5054,198508,22.805362701416,0.662331342697144,166.981048583984,0
5054,198509,18.9379615783691,27.6065254211426,110.528465270996,0
5054,198510,12.9485492706299,6.74225664138794,68.8219223022461,-100
5054,198511,6.1807599067688,127.97843170166,29.5854816436768,-100
5054,198512,4.15538024902344,19.6167411804199,24.2254199981689,-100
5054,198601,2.13924932479858,89.397346496582,25.0664196014404,-100
5054,198602,2.27129340171814,121.05037689209,29.4441623687744,-100
5054,198603,5.88648271560669,36.2082023620605,55.8002433776855,-100
5054,198604,5.22566270828247,39.6953201293945,63.6365966796875,-100
5054,198605,15.4983310699463,75.0069732666016,132.963485717773,-100
5054,198606,18.0110836029053,93.2605361938477,156.84504699707,-100
5054,198607,22.0929908752441,68.9036560058594,172.10481262207,-100
5054,198608,22.1895694732666,0.51903361082077,164.023513793945,-100
5054,198609,17.9837894439697,13.6265354156494,101.336730957031,-100
5054,198610,11.6120405197144,106.938621520996,58.172679901123,0
5054,198611,6.37964916229248,23.5845222473145,35.3621711730957,0
5054,198612,2.72761559486389,7.89137029647827,23.6421051025391,0
5054,198701,1.99557769298553,98.2819595336914,24.6119136810303,0
5054,198702,3.2956862449646,79.0328140258789,32.798957824707,0
5054,198703,7.62046718597412,6.79994440078735,61.3248405456543,0
5054,198704,11.2561492919922,18.4363136291504,95.0663070678711,0
5054,198705,13.9655742645264,2.16310214996338,127.172065734863,0
5054,198706,17.8283367156982,1.10751104354858,152.453948974609,0
5054,198707,20.1415481567383,60.7796974182129,154.213348388672,0.4
5054,198708,21.9867286682129,8.06897926330566,151.657104492188,0
5054,198709,19.2642879486084,25.0349140167236,109.665161132812,0
5054,198710,11.0659055709839,66.7133941650391,54.6723365783691,0.2
5054,198711,5.4275107383728,75.6164703369141,31.0117340087891,0
5054,198712,5.19135570526123,70.5807266235352,23.3953342437744,0
5054,198801,4.1793327331543,59.6369018554688,25.0928554534912,0
5054,198802,3.56617712974548,45.8324546813965,35.5096702575684,0
5054,198803,7.25794839859009,14.9074268341064,63.7061157226562,0
5054,198804,8.52658367156982,43.3359260559082,76.0471038818359,0
5054,198805,12.3204574584961,59.2577667236328,105.070442199707,0
5054,198806,14.7595348358154,56.9576988220215,126.71524810791,0
5054,198807,21.8078517913818,3.044020652771,168.996704101562,0
5054,198808,22.9533710479736,0.384107828140259,165.095123291016,0
5054,198809,17.1211128234863,2.42487239837646,107.530723571777,0
5054,198810,12.7001419067383,47.3780250549316,63.9303512573242,0
5054,198811,6.81172513961792,91.6224212646484,31.6255187988281,0
5054,198812,3.07787251472473,27.0274639129639,25.7901573181152,0
5054,198901,2.56058382987976,31.449068069458,25.8084049224854,0
5054,198902,3.97196459770203,115.584587097168,34.8416137695312,0.4
5054,198903,7.98780965805054,103.22575378418,64.5270767211914,0
5054,198904,6.60265159606934,47.5499954223633,68.4385604858398,0.1
5054,198905,13.2159738540649,99.7083358764648,114.355796813965,0.1
5054,198906,17.8683910369873,37.1305160522461,151.112365722656,0
5054,198907,23.1813716888428,23.984806060791,173.004058837891,0
5054,198908,22.6420116424561,35.0105819702148,159.970626831055,0.1
5054,198909,16.3161716461182,75.1248474121094,92.6820907592773,0
5054,198910,11.8510456085205,53.5722274780273,59.3203125,0
5054,198911,7.59291791915894,155.645736694336,31.4821586608887,0
5054,198912,5.86972427368164,188.826461791992,20.4583950042725,2.1
5054,199001,2.63838195800781,39.2600746154785,23.6215553283691,2.5
5054,199002,7.71362924575806,2.17912769317627,48.2564010620117,0.2
5054,199003,6.8553729057312,75.5615005493164,55.015209197998,0
5054,199004,6.58325910568237,97.7320175170898,68.6475830078125,0
5054,199005,12.5290203094482,47.3717269897461,108.560073852539,0
5054,199006,18.4293651580811,16.1513500213623,157.839080810547,1.7
5054,199007,22.2790908813477,11.4284152984619,167.586822509766,0
5054,199008,21.7792892456055,12.2246198654175,153.646728515625,0
5054,199009,18.3766040802002,57.3241500854492,99.9880752563477,0
5054,199010,10.5931959152222,38.9090766906738,50.6790046691895,-100
5054,199011,5.68720722198486,49.8577308654785,31.3164482116699,-100
5054,199012,2.21790623664856,22.3948040008545,20.3476600646973,-100
5054,199101,1.62712860107422,34.8503494262695,23.801736831665,-100
5054,199102,2.42359328269958,66.0243530273438,29.8451461791992,-100
5054,199103,5.7068510055542,58.9739723205566,48.6719932556152,-100
5054,199104,7.33633613586426,17.5631256103516,75.5435256958008,-100
5054,199105,10.764102935791,34.749683380127,107.978523254395,-100
5054,199106,19.0833129882812,36.2019348144531,156.384674072266,-100
5054,199107,22.7275085449219,4.58025550842285,173.608901977539,-100
5054,199108,23.7997627258301,5.04226350784302,172.608535766602,-100
5054,199109,18.302640914917,7.97159433364868,105.956001281738,-100
5054,199110,8.90583515167236,76.7833938598633,50.2829360961914,0
5054,199111,5.674880027771,26.1542091369629,33.6157608032227,0
5054,199112,4.21193027496338,21.4753475189209,23.21706199646,0
5054,199201,1.55365931987762,16.37473487854,24.8965225219727,0
5054,199202,4.18031024932861,93.0382919311523,38.9337501525879,0
5054,199203,6.19865894317627,73.0666046142578,55.5473670959473,0
5054,199204,9.91566753387451,40.0557479858398,88.3542098999023,0
5054,199205,14.2122888565063,24.0853042602539,119.951385498047,0
5054,199206,13.6748056411743,133.308929443359,114.945579528809,0
5054,199207,21.4508457183838,11.0960330963135,162.711578369141,0
5054,199208,22.5341110229492,16.4916915893555,159.992370605469,0
5054,199209,18.084451675415,12.12730884552,107.460296630859,0
5054,199210,9.68474102020264,57.8470306396484,52.3870239257812,0
5054,199211,8.24347400665283,24.349308013916,39.6591186523438,0
5054,199212,4.13169050216675,55.592903137207,21.9897651672363,0
5054,199301,3.8896017074585,11.5297889709473,33.5915069580078,0
5054,199302,3.30734920501709,70.9592971801758,33.2105674743652,0
5054,199303,6.55471134185791,36.5159301757812,60.21240234375,0
5054,199304,8.42058372497559,39.2056465148926,81.6107177734375,0
5054,199305,11.7909688949585,84.7161483764648,106.826782226562,0
5054,199306,17.7911987304688,81.1772003173828,151.798126220703,0
5054,199307,22.1842288970947,0.702125370502472,170.299163818359,0
5054,199308,21.8846740722656,1.8344212770462,156.679809570312,0
5054,199309,15.0204982757568,9.63773155212402,94.2630462646484,0
5054,199310,8.47807312011719,47.1937103271484,49.1765251159668,0
5054,199311,5.78393077850342,20.3547229766846,31.4396858215332,0
5054,199312,4.55652904510498,4.65552759170532,27.0319080352783,0
5054,199401,3.02049112319946,32.8369941711426,27.6591415405273,0
5054,199402,4.36121129989624,82.4667205810547,38.1470718383789,0
5054,199403,8.94922924041748,10.4653472900391,69.8090591430664,0
5054,199404,8.23901557922363,70.5277252197266,82.1855010986328,0
5054,199405,14.7155885696411,26.0916309356689,123.316474914551,0
5054,199406,19.5183773040771,1.42786967754364,168.083557128906,0
5060,199110,9.34205627441406,64.5984268188477,50.5497817993164,-100
5060,199111,6.10097074508667,35.9041023254395,34.1236534118652,-100
5060,199112,4.5555567741394,29.129940032959,22.0723857879639,-100
5060,199201,1.72927045822144,7.70052719116211,24.0616245269775,-100
5060,199202,4.34899282455444,96.2662048339844,38.6079025268555,-100
5060,199203,6.49000883102417,98.6259841918945,56.6906318664551,-100
5060,199204,10.0959424972534,81.5904769897461,88.0655746459961,-100
5060,199205,14.3366270065308,48.0920028686523,121.765380859375,-100
5060,199206,13.9455633163452,122.44213104248,120.526443481445,-100
5060,199207,21.5117435455322,12.7781400680542,154.294372558594,-100
5060,199208,22.8540859222412,6.5649881362915,162.6650390625,-100
5060,199209,18.3107757568359,10.7532348632812,111.026069641113,-100
5060,199210,9.98218631744385,68.9811935424805,53.4737815856934,-100
5060,199211,8.54439926147461,30.6056137084961,39.8327331542969,-100
5060,199212,4.40898418426514,85.3570404052734,21.7353782653809,-100
5060,199301,3.97553157806396,6.40736722946167,32.7181243896484,-100
5060,199302,3.95429015159607,34.7754135131836,34.0881538391113,-100
5060,199303,6.91767883300781,37.9894027709961,61.2989807128906,-100
5060,199304,8.65087032318115,44.3535194396973,81.5605010986328,-100
5060,199305,11.9315519332886,51.0426254272461,108.468132019043,-100
5060,199306,18.0668640136719,59.8896331787109,156.779266357422,-100
5060,199307,22.275260925293,2.59170436859131,163.069869995117,-100
5060,199308,21.9926929473877,4.03029346466064,157.714813232422,-100
5060,199309,15.4377536773682,3.81635928153992,98.6677780151367,-100
5060,199310,8.83699131011963,68.4712829589844,49.9149703979492,0.62
5060,199311,5.95895147323608,24.6646728515625,30.7440567016602,0.61
5060,199312,4.71651840209961,12.0298185348511,26.6710567474365,0.6
5060,199401,3.19834470748901,49.6813049316406,27.1190757751465,0.8
5060,199402,4.48891305923462,78.6060256958008,38.6799964904785,1.2
5060,199403,9.19192314147949,16.627067565918,71.0433578491211,1.11
5060,199404,8.51767063140869,54.800464630127,81.9171371459961,0.71
5060,199405,14.7219495773315,31.3227996826172,124.857719421387,0.52
5060,199406,19.8068313598633,2.71149134635925,173.854278564453,0.42
5060,199407,25.1241188049316,2.93877601623535,174.196960449219,0.42
5060,199408,24.3646430969238,1.65615844726562,170.457641601562,0.42
5060,199409,16.3461380004883,35.4383735656738,102.619903564453,0.41
5060,199410,12.039457321167,150.616348266602,54.0188446044922,0.91
5060,199411,9.08775520324707,30.732780456543,38.6587066650391,0.6
5060,199412,4.74364852905273,17.0768032073975,25.8266887664795,0.4
5060,199501,3.83264565467834,23.0872573852539,28.2328548431396,0.5
5060,199502,7.25824594497681,6.81774663925171,46.0217132568359,0.3
5060,199503,7.38613176345825,16.7304153442383,62.6872329711914,0.81
5060,199504,9.90805912017822,10.4485177993774,90.2241134643555,0.21
5060,199505,16.2221069335938,12.3933391571045,135.997436523438,0.22
5060,199506,18.2234878540039,49.8472595214844,155.88410949707,0.32
5060,199507,23.4341793060303,3.0881655216217,170.392181396484,0.33
5060,199508,22.5662708282471,31.9311027526855,161.060516357422,0.52
5060,199509,15.748176574707,6.80345964431763,98.940673828125,0.21
5060,199510,14.2249116897583,13.1749477386475,69.3947830200195,0.41
5060,199511,9.46878433227539,25.5968360900879,37.6467361450195,0.3
5060,199512,5.89198112487793,273.562957763672,21.5952701568604,4.71
5060,199601,4.88787412643433,220.524185180664,23.0824756622314,9.91
5060,199602,2.78778839111328,151.125793457031,32.9379425048828,6.83
5060,199603,6.39701414108276,71.1359252929688,56.0030212402344,3.27
5060,199604,10.4075651168823,53.1396064758301,88.3069305419922,2.77
5060,199605,12.6934680938721,65.7853851318359,113.31494140625,3.72
5060,199606,18.7482986450195,32.4025077819824,163.002716064453,1.56
5060,199607,21.7949371337891,21.9644603729248,156.230697631836,1.3
5060,199608,20.8531894683838,33.8665504455566,150.017623901367,1.1
5060,199609,14.6942567825317,103.954978942871,86.1521530151367,1.44
5060,199610,11.6112871170044,35.777717590332,62.9137496948242,0.96
5060,199611,7.45982599258423,118.930679321289,34.9089317321777,2.03
5060,199612,4.46187591552734,202.277297973633,20.3945941925049,6.43
5060,199701,3.69507551193237,200.649932861328,22.9063968658447,17.64
5060,199702,7.75761318206787,3.60505366325378,49.9656944274902,4.25
5060,199703,9.94387245178223,5.04795074462891,75.7824630737305,2.29
5060,199704,11.061749458313,76.3922805786133,86.1274795532227,2.1
5060,199705,13.5418491363525,98.4126663208008,113.058525085449,1.94
5060,199706,17.0328369140625,9.98174476623535,146.780242919922,0.87
5060,199707,20.0009746551514,23.5123748779297,148.457611083984,1
5060,199708,20.9730892181396,28.3979568481445,148.206130981445,0.78
5060,199709,17.9162712097168,114.170234680176,101.036323547363,1
5060,199710,13.1177806854248,30.028564453125,61.2368240356445,0.94
5060,199711,6.99754238128662,238.162124633789,28.4642677307129,7.71
5060,199712,4.57468175888062,105.173080444336,22.0575256347656,5.61
5060,199801,4.2054967880249,25.3022918701172,26.6358833312988,2.61
5060,199802,6.36309289932251,36.1034545898438,41.2525100708008,3.02
5060,199803,9.40059661865234,24.0537738800049,73.3025665283203,1.64
5060,199804,7.9754376411438,72.1489944458008,72.8004379272461,2.05
5060,199805,11.8360433578491,148.454635620117,101.156631469727,4.28
5060,199806,19.8012504577637,21.222375869751,167.045837402344,2.22
5060,199807,23.1419486999512,3.55626368522644,167.567962646484,1.45
5060,199808,22.6480274200439,11.3527269363403,162.670684814453,1.14
5060,199809,17.6177406311035,57.4263610839844,99.6819534301758,1.09
5060,199810,11.1489839553833,22.4003810882568,62.9352111816406,1.14
5060,199811,7.19173240661621,41.0189666748047,34.925708770752,0.82
5060,199812,3.58108234405518,36.093147277832,25.0523452758789,1.01
5060,199901,3.23439049720764,31.9202175140381,27.506404876709,1.11
5060,199902,3.14738345146179,39.0429534912109,38.2147254943848,1.12
5060,199903,6.97215747833252,153.078796386719,58.7806015014648,2.23
5060,199904,10.5891609191895,9.35967826843262,92.3106689453125,1.94
5060,199905,15.5664672851562,18.7127304077148,130.251388549805,0.96
5060,199906,19.5959167480469,10.5838890075684,172.652847290039,0.78
5060,199907,23.4297275543213,5.77066278457642,169.156585693359,0.78
5060,199908,23.372974395752,7.01124334335327,167.435440063477,0.77
5060,199909,16.9356174468994,69.3954849243164,100.890319824219,0.74
5060,199910,12.5869474411011,119.830024719238,56.2316360473633,1.42
5060,199911,5.09284639358521,39.4754600524902,32.6101036071777,0.91
5060,199912,3.78000140190125,79.4422378540039,22.5485687255859,2.01
5060,200001,2.22649550437927,12.7422590255737,26.6722583770752,1.41
5060,200002,8.03868293762207,1.48743259906769,52.081127166748,0.81
5060,200003,8.36007308959961,14.497989654541,69.5774612426758,0.73
5060,200004,7.69643115997314,94.2671279907227,71.7091064453125,1.93
5060,200005,14.6384420394897,97.6120681762695,120.849731445312,1.84
5060,200006,19.8763580322266,4.68260669708252,168.368804931641,0.75
5060,200007,23.3509635925293,4.81562852859497,170.359527587891,0.76
5060,200008,22.7765827178955,6.09645318984985,167.544906616211,0.65
5060,200009,18.0117835998535,22.1692218780518,109.016807556152,0.63
5060,200010,11.3536977767944,136.411743164062,58.7329635620117,0.92
5060,200011,5.62056827545166,80.3473510742188,31.3653354644775,1.81
5060,200012,4.9531888961792,199.615661621094,24.195384979248,4.31
5060,200101,3.98442625999451,160.802810668945,24.9351081848145,8.62
5060,200102,4.77327442169189,66.7602844238281,38.7169914245605,4.53
5060,200103,9.37956142425537,74.4677352905273,64.2449188232422,8.47
5060,200104,10.6600522994995,14.1889762878418,93.8491668701172,1.88
5060,200105,12.7356805801392,107.585655212402,115.868217468262,2.02
5060,200106,20.639949798584,10.923846244812,177.848327636719,0.96
5060,200107,22.1303768157959,3.97046780586243,161.916061401367,0.89
5060,200108,23.2527961730957,22.1536903381348,166.108123779297,1.09
5060,200109,18.2224216461182,31.7591857910156,102.367889404297,0.72
5060,200110,13.8614912033081,71.9319839477539,65.360725402832,0.76
5060,200111,5.13798999786377,92.7336807250977,30.6070861816406,0.83
5060,200112,3.46010375022888,89.1725311279297,23.3725109100342,1.12
5060,200201,4.48044919967651,29.499137878418,28.3340682983398,1.22
5060,200202,6.45694541931152,2.49963688850403,48.5135765075684,0.72
5060,200203,7.77210664749146,71.8132781982422,62.2222175598145,1.64
5060,200204,9.21606826782227,120.917617797852,84.1077728271484,2.25
5060,200205,12.9672193527222,33.371524810791,119.374824523926,1.27
5060,200206,20.3187599182129,51.7370262145996,168.230697631836,0.79
5060,200207,22.2332668304443,22.5186443328857,162.603668212891,1.11
5060,200208,20.98313331604,27.8665885925293,152.005447387695,0.9
5060,200209,17.5702610015869,15.3645353317261,99.7258834838867,0.76
5060,200210,12.5532321929932,44.7115745544434,64.2743606567383,0.63
5060,200211,7.57499074935913,105.655563354492,33.7822341918945,1.02
5060,200212,5.45094347000122,78.9808197021484,23.7355365753174,1.41
5060,200301,1.95546269416809,133.834991455078,24.0274868011475,4.61
5060,200302,3.19990754127502,112.917686462402,33.9507255554199,2.62
5060,200303,8.19701766967773,50.3135681152344,64.869384765625,3.05
5060,200304,9.8897066116333,57.332592010498,89.1186828613281,1.56
5060,200305,15.3001356124878,75.1976318359375,132.710891723633,1.98
5060,200306,21.6767959594727,10.9716482162476,179.814880371094,1.01
5060,200307,23.6811428070068,3.11335396766663,173.237899780273,0.83
5060,200308,23.4674682617188,17.5327682495117,166.542724609375,0.92
5060,200309,18.5185642242432,11.603777885437,109.417808532715,0.88
5060,200310,12.5474462509155,143.108047485352,58.6389808654785,1.04
5060,200311,7.59598159790039,82.798454284668,33.3465385437012,1.42
5060,200312,4.16189670562744,73.8547821044922,23.6097583770752,1.51
5060,200401,5.17656946182251,54.2614822387695,31.2841529846191,1.72
5060,200402,6.05325937271118,71.0186920166016,43.3814239501953,1.52
5060,200403,6.67242765426636,123.278533935547,57.5321083068848,3.14
5060,200404,8.94157886505127,97.229606628418,81.1256408691406,4.25
5060,200405,10.7561120986938,158.19807434082,97.7447357177734,7.8
5060,200406,20.3261585235596,14.3794240951538,174.388458251953,2.26
5060,200407,23.0062198638916,3.64336585998535,169.005172729492,2
5060,200408,22.8604049682617,9.20686340332031,164.870544433594,1.4
5060,200409,20.1145763397217,21.2626667022705,119.851455688477,1.13
5060,200410,13.1977128982544,23.6762619018555,65.6746368408203,0.96
5060,200411,6.42584800720215,12.4411306381226,37.5409317016602,0.73
5060,200412,3.33531022071838,86.0995941162109,21.0702438354492,0.92
5060,200501,2.68484663963318,7.39638996124268,30.925422668457,0.82
5060,200502,1.67498219013214,45.5803489685059,34.6331596374512,0.82
5060,200503,7.53629970550537,44.1772422790527,65.1608505249023,1.54
5060,200504,10.9812669754028,22.7483940124512,94.1562271118164,0.95
5060,200505,15.7617273330688,14.2292747497559,136.47624206543,0.87
5060,200506,21.5363159179688,12.9995489120483,183.231262207031,0.78
5060,200507,24.518159866333,12.005389213562,177.206207275391,0.79
5060,200508,23.5460453033447,1.61227071285248,170.693832397461,0.88
5060,200509,17.4878215789795,47.884822845459,105.265243530273,0.85
5060,200510,13.3677759170532,51.5222702026367,66.9568481445312,0.62
5060,200511,6.0613374710083,60.4679374694824,34.0401763916016,0.61
5060,200512,3.14354562759399,77.8397674560547,23.1542987823486,1.41
5060,200601,2.29207324981689,82.7925720214844,25.5770015716553,1.11
5060,200602,3.50524854660034,63.3337211608887,38.0596961975098,1.51
5060,200603,8.22397899627686,57.9663429260254,66.1441879272461,4.03
5060,200604,11.8652420043945,90.5313110351562,95.8446884155273,1.24
5060,200605,16.0508842468262,76.6540145874023,129.849517822266,1.56
5060,200606,18.2638378143311,47.688289642334,161.328063964844,1.37
5060,200607,24.2549667358398,7.54394340515137,177.078063964844,0.99
5060,200608,22.7072353363037,10.2872037887573,167.506683349609,0.88
5060,200609,18.4941730499268,51.9697189331055,109.203605651855,0.75
5060,200610,14.9345674514771,11.7455902099609,73.440071105957,0.72
5060,200611,9.08668518066406,99.05859375,37.7975463867188,1.01
5060,200612,4.13990688323975,34.1519470214844,25.058666229248,0.81
5060,200701,4.80808210372925,103.207633972168,34.0645408630371,0.71
5060,200702,5.7192063331604,47.3132286071777,39.5057220458984,3.31
5060,200703,6.59958219528198,39.0209617614746,62.2698974609375,1.13
5060,200704,8.38883018493652,126.677429199219,75.0699462890625,3.44
5060,200705,13.7559041976929,84.3386611938477,121.703018188477,2.97
5060,200706,18.411304473877,6.61638021469116,164.569229125977,1.39
5060,200707,22.890043258667,2.971524477005,166.374740600586,1.31
5060,200708,22.5637397766113,7.10248517990112,162.789459228516,1.2
5060,200709,18.5107135772705,87.5657501220703,106.818389892578,1.16
5060,200710,12.2948713302612,69.4500350952148,63.6991958618164,0.83
5060,200711,7.35631370544434,13.6073160171509,42.627368927002,0.71
5060,200712,4.43117618560791,14.2903060913086,26.760009765625,0.81
5060,200801,5.14820241928101,58.3343811035156,32.9666557312012,1.01
5060,200802,6.47441387176514,34.5402984619141,44.8174324035645,0.71
5060,200803,7.90287637710571,22.6954555511475,67.6856231689453,0.82
5060,200804,10.166332244873,116.33927154541,87.9085083007812,2.13
5060,200805,12.6136102676392,132.45979309082,106.455345153809,2.65
5060,200806,18.5821704864502,108.939521789551,166.680282592773,1.87
5060,200807,22.4856357574463,14.850115776062,158.593460083008,0.88
5060,200808,22.6931400299072,3.0469081401825,161.269348144531,0.97
5060,200809,16.7336139678955,42.3589019775391,96.0244140625,0.84
5060,200810,12.0705671310425,133.624847412109,59.4448013305664,1.42
5060,200811,5.20289087295532,94.7251586914062,32.7715835571289,1.51
5060,200812,3.47470498085022,163.367706298828,22.8621711730957,4.61
5060,200901,2.5114688873291,115.263130187988,24.6991806030273,6.82
5060,200902,4.18585729598999,74.2138671875,39.9836540222168,5.23
5060,200903,8.1022424697876,177.809020996094,69.0268096923828,6.87
5060,200904,8.1116247177124,67.2729721069336,78.5461196899414,2.38
5060,200905,15.0799970626831,28.2310581207275,130.914764404297,2.92
5060,200906,20.7843036651611,4.80504703521729,174.588882446289,2.15
5060,200907,24.1411933898926,2.96303200721741,173.395126342773,1.79
5060,200908,23.2710475921631,45.8568916320801,165.927581787109,1.58
5060,200909,17.0832653045654,49.4062957763672,95.5358200073242,1.71
5060,200910,14.9381160736084,68.7301025390625,75.1315383911133,0.95
5060,200911,9.48623275756836,35.6916580200195,40.5831413269043,1.33
5060,200912,4.76238250732422,362.489135742188,23.3690547943115,8.82
5060,201001,3.45932650566101,203.45231628418,24.0722103118896,11.23
5060,201002,4.27203893661499,249.032577514648,33.6158103942871,12.45
5060,201003,6.74675178527832,123.597106933594,56.3631057739258,11.52
5060,201004,11.0205898284912,30.6912689208984,87.5973815917969,5.53
5060,201005,12.6639223098755,31.3571281433105,115.696510314941,4.09
5060,201006,16.811840057373,45.5181121826172,139.680587768555,3.34
5060,201007,24.2473201751709,3.51434540748596,170.869354248047,2.99
5060,201008,22.9808502197266,114.265129089355,160.670059204102,2.69
5060,201009,18.1318874359131,17.140380859375,104.391693115234,2
5071,198901,5.19972562789917,5.833740234375,35.7540664672852,-100
5071,198902,5.70994091033936,203.907028198242,46.5958518981934,-100
5071,198903,9.05712127685547,74.0946731567383,84.0394058227539,-100
5071,198904,7.71750783920288,80.4064788818359,88.2851028442383,-100
5071,198905,13.2926511764526,109.128433227539,141.880844116211,-100
5071,198906,18.0884761810303,33.7591743469238,190.807174682617,-100
5071,198907,23.8411922454834,25.66379737854,194.985809326172,-100
5071,198908,22.6002292633057,6.19304084777832,192.280090332031,-100
5071,198909,17.1263999938965,81.2312774658203,112.720550537109,-100
5071,198910,13.5358972549438,19.0485000610352,84.3177490234375,-100
5071,198911,7.78450393676758,159.345184326172,36.5787239074707,-100
5071,198912,5.46113729476929,200.388793945312,24.5980663299561,-100
5071,199001,2.45833992958069,40.0717620849609,28.1648387908936,-100
5071,199002,6.9698281288147,2.320960521698,55.5208702087402,-100
5071,199003,6.69327974319458,33.223388671875,60.582275390625,-100
5071,199004,6.67525005340576,110.781379699707,73.2240905761719,-100
5071,199005,11.8656692504883,42.2808494567871,119.605850219727,-100
5071,199006,17.011209487915,30.3459911346436,175.235473632812,-100
5071,199007,21.2369384765625,13.9893369674683,171.642974853516,-100
5071,199008,20.8767051696777,14.9875946044922,184.658706665039,-100
5071,199009,17.5519676208496,108.187301635742,113.832061767578,-100
5071,199010,10.5547122955322,73.4467849731445,62.2929496765137,-100
5071,199011,5.56475925445557,103.12247467041,36.3499488830566,-100
5071,199012,2.44464659690857,30.7768020629883,22.3282279968262,-100
5071,199101,1.85550665855408,7.15630197525024,27.0719871520996,-100
5071,199102,3.43469738960266,101.452285766602,39.4977264404297,-100
5071,199103,5.67084741592407,105.577644348145,54.5051422119141,-100
5071,199104,7.22589111328125,29.3833885192871,80.4010696411133,-100
5071,199105,10.8140459060669,16.1182098388672,120.980682373047,-100
5071,199106,17.996072769165,35.4187507629395,180.317413330078,-100
5071,199107,22.1575107574463,7.59812355041504,178.929260253906,-100
5071,199108,23.0919246673584,11.3864431381226,198.737655639648,-100
5071,199109,17.9592571258545,28.2321891784668,117.563896179199,-100
5071,199110,8.77903175354004,65.3927612304688,56.1256103515625,-100
5071,199111,5.4868016242981,54.0563430786133,37.2995147705078,-100
5071,199112,4.17247438430786,15.3376893997192,24.0194263458252,-100
5071,199201,1.19405138492584,2.28776383399963,26.787525177002,-100
5071,199202,3.70422506332397,98.7878112792969,41.8815689086914,-100
5071,199203,5.88583850860596,113.585861206055,62.3644599914551,-100
5071,199204,8.93584728240967,111.891555786133,92.4975051879883,-100
5071,199205,13.0664949417114,97.2594909667969,130.969665527344,-100
5071,199206,12.7982797622681,154.015274047852,132.486099243164,-100
5071,199207,20.3952770233154,12.0035514831543,161.259002685547,-100
5071,199208,21.6720886230469,3.04231667518616,186.246124267578,-100
5071,199209,17.5175628662109,12.3994922637939,122.276306152344,-100
5071,199210,9.15462684631348,86.8119659423828,58.5978965759277,-100
5071,199211,7.95083713531494,20.7254161834717,43.9351768493652,-100
5071,199212,3.8011109828949,96.6619262695312,23.6703205108643,-100
5071,199301,3.3711633682251,2.98236846923828,35.9309501647949,-100
5071,199302,3.3424243927002,14.172815322876,38.0786018371582,-100
5071,199303,6.22054052352905,34.8713798522949,66.3588562011719,-100
5071,199304,7.57381916046143,64.5209274291992,85.2497482299805,-100
5071,199305,10.7871179580688,70.7252578735352,114.69588470459,-100
5071,199306,17.1060428619385,61.5068855285645,175.132766723633,-100
5071,199307,21.5037994384766,2.69637870788574,173.635406494141,-100
5071,199308,20.9199886322021,15.1997356414795,179.36393737793,-100
5071,199309,14.8317747116089,2.60532140731812,108.032447814941,-100
5071,199310,8.05665016174316,75.3363647460938,54.3469429016113,-100
5071,199311,5.22459936141968,34.7144393920898,33.1736030578613,-100
5071,199312,4.20054340362549,6.01786184310913,28.8543720245361,-100
5071,199401,2.57624745368958,75.0186614990234,29.7021923065186,-100
5071,199402,3.59463572502136,102.90641784668,40.7817535400391,-100
5071,199403,8.25388240814209,8.78410243988037,76.8180923461914,-100
5071,199404,7.41260671615601,58.022388458252,85.9288787841797,-100
5071,199405,13.413013458252,29.3009414672852,133.506530761719,-100
5071,199406,19.1482257843018,1.53468668460846,198.273529052734,-100
5071,199407,24.1841735839844,2.56878685951233,189.789779663086,-100
5071,199408,23.4749927520752,1.23533082008362,196.876037597656,-100
5071,199409,15.4860601425171,35.4117584228516,110.567314147949,-100
5071,199410,11.0278463363647,139.781494140625,58.0458755493164,-100
5071,199411,8.09791660308838,33.7148933410645,40.7110404968262,-100
5071,199412,4.17916488647461,9.49069595336914,28.0174579620361,-100
5071,199501,3.23133420944214,30.4214916229248,30.9018802642822,-100
5071,199502,6.54994201660156,6.05535840988159,49.7504463195801,-100
5071,199503,6.90284013748169,45.4901580810547,68.8973388671875,-100
5071,199504,8.93013763427734,3.78678011894226,94.6083831787109,-100
5071,199505,15.0375928878784,7.62164688110352,147.930099487305,-100
5071,199506,17.0377883911133,58.1953163146973,174.144912719727,-100
5071,199507,22.3699913024902,2.64231729507446,180.728485107422,-100
5071,199508,21.5596122741699,24.5046882629395,184.270309448242,-100
5071,199509,14.8233413696289,11.3532609939575,106.480117797852,-100
5071,199510,13.296932220459,6.50197505950928,77.2743759155273,-100
5071,199511,8.73396301269531,37.7476463317871,40.7604370117188,-100
5071,199512,5.01202440261841,405.17919921875,23.2600250244141,-100
5071,199601,3.99187994003296,333.506774902344,24.6123046875,-100
5071,199602,2.25226378440857,224.403610229492,34.1108589172363,-100
5071,199603,5.76129770278931,102.540580749512,58.6606101989746,-100
5071,199604,9.47905254364014,65.4424057006836,89.817008972168,-100
5071,199605,11.7402515411377,89.300537109375,118.066375732422,-100
5071,199606,17.472677230835,39.2150344848633,179.501968383789,-100
5071,199607,20.4456520080566,33.3168106079102,161.158233642578,-100
5071,199608,19.609525680542,24.4615650177002,167.995788574219,-100
5071,199609,13.525369644165,142.611755371094,89.1145858764648,-100
5071,199610,10.8101825714111,41.5003318786621,70.1252288818359,-100
5071,199611,6.71274662017822,172.591049194336,37.0869636535645,-100
5071,199612,3.69811534881592,266.683197021484,21.0691585540771,-100
5071,199701,2.93202948570251,240.894302368164,23.786060333252,-100
5071,199702,6.86078691482544,2.67396211624146,52.3880882263184,-100
5071,199703,9.44185638427734,2.10478329658508,82.932731628418,-100
5071,199704,10.3788738250732,133.204467773438,90.2416687011719,-100
5071,199705,12.3206186294556,130.239486694336,116.877670288086,-100
5071,199706,15.872013092041,18.6219367980957,160.384948730469,-100
5071,199707,19.2091083526611,25.796215057373,157.10514831543,-100
5071,199708,19.8994808197021,39.4219169616699,167.138671875,-100
5071,199709,16.840217590332,112.577140808105,110.050048828125,-100
5071,199710,12.3404483795166,37.6771125793457,68.1101379394531,-100
5071,199711,6.27410507202148,452.781860351562,29.9680461883545,-100
5071,199712,4.15134954452515,173.375961303711,23.9309043884277,-100
5071,199801,3.68187379837036,22.4368915557861,28.8308963775635,-100
5071,199802,5.94281911849976,33.1023483276367,44.0946311950684,-100
5071,199803,8.74448490142822,33.1840438842773,79.3252944946289,-100
5071,199804,6.89586353302002,123.944953918457,74.1521759033203,-100
5071,199805,10.7902212142944,177.299011230469,107.432769775391,-100
5071,199806,18.5851039886475,19.5880966186523,182.285751342773,-100
5071,199807,21.9493217468262,3.46256160736084,173.963745117188,-100
5071,199808,21.6671295166016,7.22811412811279,184.923446655273,-100
5071,199809,16.6514987945557,50.8222045898438,106.080368041992,-100
5071,199810,10.3674821853638,28.899866104126,67.7885513305664,-100
5071,199811,6.8131890296936,30.8267364501953,37.7012519836426,-100
5071,199812,3.44160103797913,21.5548057556152,26.9293918609619,-100
5071,199901,2.82356905937195,38.1278457641602,29.5606136322021,-100
5071,199902,2.857586145401,36.3513717651367,41.6266136169434,-100
5071,199903,6.31813764572144,204.623306274414,62.2823104858398,-100
5071,199904,9.87989521026611,2.74651432037354,97.7814331054688,-100
5071,199905,14.9666366577148,15.8619403839111,142.153121948242,-100
5071,199906,18.8978672027588,22.3620452880859,192.660430908203,-100
5071,199907,22.5941257476807,4.21945238113403,181.107284545898,-100
5071,199908,22.3710765838623,11.5044736862183,193.059844970703,-100
5071,199909,16.2600955963135,86.4052734375,111.192413330078,-100
5071,199910,11.7882928848267,154.934509277344,61.6206550598145,-100
5071,199911,4.55178642272949,37.1392974853516,36.3445625305176,-100
5071,199912,3.07882475852966,124.049934387207,23.5574626922607,-100
5071,200001,1.78968346118927,5.46051073074341,29.0018634796143,-100
5071,200002,7.43337965011597,2.00224256515503,56.5459976196289,-100
5071,200003,7.6561164855957,6.98836612701416,75.1517944335938,-100
5071,200004,6.60585832595825,162.526306152344,72.1394195556641,-100
5071,200005,13.5748376846313,105.360008239746,131.157958984375,-100
5071,200006,18.8011360168457,1.71601724624634,187.833450317383,-100
5071,200007,22.5196418762207,7.26839971542358,184.66731262207,-100
5071,200008,22.0680999755859,4.20544528961182,196.63508605957,-100
5071,200009,17.3910427093506,17.6104755401611,121.919891357422,-100
5071,200010,10.7419118881226,141.555572509766,65.8106002807617,-100
5071,200011,5.10183477401733,118.178001403809,34.4630432128906,-100
5071,200012,4.53962087631226,272.163970947266,26.6061267852783,-100
5071,200101,3.7619297504425,240.446746826172,28.8080711364746,-100
5071,200102,4.46609115600586,71.3868408203125,42.4194602966309,-100
5071,200103,8.40302848815918,126.603454589844,67.9919357299805,-100
5071,200104,9.87783718109131,4.4344630241394,99.7075119018555,6.642
5071,200105,11.5759449005127,120.626091003418,123.066200256348,4.132
5071,200106,19.383394241333,8.4324312210083,193.905258178711,2.332
5071,200107,21.1727886199951,4.2803635597229,169.038238525391,2.752
5071,200108,22.3933219909668,12.1932210922241,191.663055419922,2.982
5071,200109,17.2848129272461,36.4192199707031,111.169654846191,2.632
5071,200110,12.9260921478271,90.2670440673828,72.5057373046875,2.742
5071,200111,4.71713638305664,89.9676055908203,32.6912078857422,2.962
5071,200112,3.13592886924744,81.826530456543,25.4439888000488,4.132
5071,200201,4.05733823776245,25.176197052002,30.5947360992432,4.332
5071,200202,5.70523262023926,2.06305837631226,51.7480316162109,2.642
5071,200203,7.24035406112671,89.2827377319336,67.9280853271484,5.332
5071,200204,8.3765697479248,155.025970458984,88.3729705810547,7.442
5071,200205,12.3293161392212,32.0017509460449,130.626480102539,4.532
5071,200206,19.4980239868164,59.583194732666,190.073440551758,2.832
5071,200207,21.2264747619629,27.5702514648438,169.087127685547,2.842
5071,200208,20.2295780181885,14.548246383667,176.261123657227,2.382
5071,200209,16.6964645385742,20.137866973877,107.959922790527,2.132
5071,200210,11.7535953521729,40.6807632446289,71.4009628295898,2.552
5071,200211,7.14475250244141,149.079940795898,36.6445503234863,6.562
5071,200212,5.0706033706665,101.419532775879,25.7234306335449,7.542
5071,200301,1.72022020816803,204.278366088867,26.4703845977783,16.942
5071,200302,2.4516818523407,150.398956298828,35.2882194519043,10.042
5071,200303,7.35590648651123,62.7689552307129,67.6594009399414,12.022
5071,200304,8.70915603637695,59.3684616088867,90.4183654785156,6.032
5071,200305,13.9122800827026,87.0790100097656,138.015014648438,4.822
5071,200306,20.3340530395508,13.240517616272,195.853424072266,3.322
5071,200307,22.4994220733643,3.38157749176025,181.074081420898,2.832
5071,200308,22.2782592773438,9.83458137512207,189.007431030273,2.572
5071,200309,17.5854530334473,13.2225933074951,116.847831726074,2.212
5071,200310,11.1835317611694,126.811622619629,60.7748565673828,2.332
5071,200311,6.70291566848755,124.915733337402,35.0971755981445,5.162
5071,200312,3.54661846160889,82.2261276245117,24.6594295501709,6.142
5071,200401,4.5214467048645,87.9572067260742,33.8452606201172,9.042
5071,200402,5.32103538513184,80.1156387329102,44.3212738037109,5.842
5071,200403,6.05997514724731,174.390640258789,62.4159240722656,7.612
5071,200404,7.81372785568237,118.052543640137,84.6384429931641,13.532
5071,200405,9.98775196075439,212.709701538086,105.597946166992,15.742
5071,200406,19.2803039550781,14.4233894348145,195.816009521484,6.332
5071,200407,22.0662212371826,4.46846914291382,182.701416015625,3.852
5071,200408,21.9720764160156,5.74962949752808,194.280136108398,2.792
5071,200409,19.2178077697754,15.3025875091553,133.758361816406,2.142
5071,200410,12.6221780776978,26.8893222808838,74.0858459472656,1.752
5071,200411,5.50209522247314,5.55245590209961,40.3255882263184,2.062
5071,200412,2.48673534393311,113.66251373291,22.2276268005371,2.632
5071,200501,1.76870715618134,2.18835306167603,33.2669219970703,2.332
5071,200502,0.59634929895401,60.046573638916,36.1655921936035,2.142
5071,200503,6.02110147476196,60.1551704406738,66.4566955566406,4.112
5071,200504,9.81368160247803,9.07245445251465,99.6395034790039,2.532
5071,200505,14.5243558883667,5.70458984375,147.731430053711,2.102
5071,200506,20.3342056274414,15.3743515014648,207.009170532227,1.872
5071,200507,23.3731231689453,11.7125701904297,192.042602539062,1.852
5071,200508,22.4402160644531,0.964865624904633,201.335052490234,1.772
5071,200509,16.0611209869385,48.0114707946777,114.612892150879,1.752
5071,200510,12.2751188278198,55.0150909423828,75.1614685058594,1.622
5071,200511,5.21807050704956,75.6492309570312,37.0452346801758,1.462
5071,200512,2.39992594718933,88.3115539550781,24.6123085021973,5.542
5071,200601,1.54511380195618,92.2447204589844,27.9518756866455,3.242
5071,200602,2.72702646255493,74.6507797241211,41.2572860717773,3.652
5071,200603,6.82319307327271,87.5788269042969,69.4836120605469,13.232
5071,200604,10.6271858215332,86.6615829467773,102.380187988281,4.742
5071,200605,14.9343891143799,45.3972434997559,142.189880371094,3.132
5071,200606,17.5285758972168,45.8613548278809,182.951995849609,2.622
5071,200607,22.9106006622314,6.63311433792114,190.150085449219,2.322
5071,200608,21.450777053833,5.9186863899231,192.871994018555,2.142
5071,200609,17.4578895568848,56.3831939697266,116.395172119141,1.792
5071,200610,13.8095016479492,6.76521587371826,82.8765029907227,1.832
5071,200611,8.14055728912354,122.034049987793,41.4468460083008,3.262
5071,200612,3.43430089950562,28.5743026733398,27.0742378234863,2.932
5071,200701,3.74819612503052,102.146675109863,36.9748764038086,2.142
5071,200702,4.86747121810913,64.3853454589844,42.2326278686523,13.552
5071,200703,5.59131240844727,60.5380973815918,66.5519332885742,7.032
5071,200704,7.23392105102539,150.090942382812,79.6109085083008,12.442
5071,200705,12.3522281646729,126.310173034668,129.855911254883,9.932
5071,200706,17.2414150238037,14.2706890106201,184.712142944336,5.222
5071,200707,21.8059558868408,3.09025955200195,179.26448059082,2.832
5071,200708,21.6312713623047,3.72903966903687,193.441528320312,2.652
5071,200709,17.4324684143066,113.571281433105,118.356834411621,2.402
5071,200710,11.1247873306274,56.024341583252,70.8455429077148,2.242
5071,200711,6.26282978057861,5.38764095306396,45.6493225097656,1.962
5071,200712,3.62270140647888,4.2928671836853,28.1646633148193,1.942
5071,200801,4.17525959014893,80.4353179931641,36.081298828125,3.442
5071,200802,5.47643089294434,28.296573638916,49.5817985534668,2.242
5071,200803,6.55958271026611,21.6624221801758,71.6193389892578,2.322
5071,200804,9.07650852203369,140.524291992188,96.5904998779297,11.042
5071,200805,11.2893648147583,154.375152587891,116.231132507324,12.532
5071,200806,17.399959564209,82.9502868652344,186.571899414062,4.102
5071,200807,21.6116638183594,13.3558149337769,173.010055541992,2.852
5071,200808,22.1951141357422,1.09758758544922,195.783462524414,2.322
5071,200809,15.9723844528198,38.934268951416,104.036376953125,1.922
5071,200810,11.4444856643677,111.673522949219,65.7975616455078,4.092
5071,200811,4.83326721191406,115.341453552246,35.9927253723145,5.932
5071,200812,3.22471261024475,193.481323242188,25.6891574859619,12.032
5071,200901,1.77151119709015,172.980438232422,26.6066951751709,23.532
5071,200902,3.53711128234863,72.3024826049805,44.5432205200195,15.622
5071,200903,7.39964532852173,214.891845703125,75.8489990234375,19.882
5071,200904,7.06133127212524,111.07356262207,83.5822448730469,9.692
5071,200905,14.1858291625977,16.9952144622803,147.510543823242,6.052
5071,200906,20.1772079467773,2.23212790489197,206.552322387695,3.822
5071,200907,23.8693008422852,3.09025955200195,199.108062744141,3.212
5071,200908,22.7443561553955,36.3676948547363,205.393478393555,5.532
5071,200909,16.5516681671143,46.1493759155273,113.077049255371,2.622
5071,200910,13.871955871582,75.5413818359375,85.9327163696289,2.802
5071,200911,8.48696231842041,29.3520088195801,45.552116394043,2.262
5071,200912,3.98186039924622,444.537841796875,25.9705142974854,22.732
5071,201001,2.7584011554718,279.599517822266,27.4096603393555,30.132
5071,201002,3.4093713760376,319.131408691406,37.0860214233398,29.632
5071,201003,5.63283681869507,153.479919433594,60.5156669616699,29.792
5071,201004,10.3544635772705,40.0254821777344,96.4247055053711,9.202
5071,201005,11.5371208190918,30.4461898803711,132.002777099609,6.562
5071,201006,16.5263423919678,54.0850410461426,166.716766357422,4.822
5071,201007,23.6832447052002,4.32145357131958,192.689743041992,3.902
5071,201008,23.0450954437256,83.1957168579102,200.101104736328,3.522
5071,201009,18.0278339385986,15.8389558792114,120.794059753418,2.912
