date,tas,pre,etp,qmmobs
198507,22.5613,21.4198,115.249,13.1280774179448
198508,20.8466,7.9095,106.8536,9.50908561215411
198509,19.1902,12.254,77.859,9.50293086418508
198510,12.6963,8.824,43.4007,15.3376319388272
198511,5.6227,83.7713,16.2132,15.3400938380148
198512,3.9448,109.7109,11.645,24.8811841396079
198601,1.8405,92.9821,12.5071,32.3425851024651
198602,1.7117,183.5107,17.611,0
198603,5.9479,46.0077,38.5004,59.0652698344074
198604,4.9264,115.8892,44.2955,54.5015242153703
198605,14.9325,44.1364,87.8888,47.0727434167489
198606,18.1656,61.8386,106.9735,30.0505569587977
198607,21.2393,20.3313,113.3934,25.478194692604
198608,20.1994,15.2353,102.1215,20.2183470782694
198609,17.4632,64.6952,62.0919,21.2308031191752
198610,11.8558,51.2844,35.3037,21.8462779160783
198611,5.3712,39.1061,19.3278,17.8580012321457
198612,2.0982,56.8851,11.2891,18.5251759119888
198701,1.5491,142.9896,12.6376,36.7567703458547
198702,3.0399,103.1336,20.2349,52.1762604326701
198703,7.0215,24.3988,43.9522,33.2873389157115
198704,10.8344,107.7213,62.4539,64.2968056080844
198705,13.3006,63.22,81.3602,29.959466688856
198706,18.0613,36.6054,103.8353,25.4357269316177
198707,20.4325,83.2907,102.7641,24.5728312663594
198708,21.8804,10.8924,101.4173,22.376201716212
198709,19.0337,13.792,72.8552,15.1468347517872
198710,10.2577,177.8134,29.4122,15.6607562072014
198711,5.1963,48.3026,15.9611,17.0978898579703
198712,5.0429,127.8941,11.3018,69.9702522859379
198801,4.0675,163.1717,10.2968,108.809173869716
198802,3.6012,46.8332,22.648,61.203429278849
198803,6.3957,19.664,44.2607,31.6624854518871
198804,8.4141,132.3113,54.1542,40.8053635598839
198805,10.9816,117.6035,66.8404,60.4223917615789
198806,14.6411,203.9711,80.7686,74.9322100985713
198807,21.1104,18.3487,109.4977,42.6105511392009
198808,21.4663,18.6418,101.8821,24.1789273963414
198809,17.1135,14.64,70.5998,19.871219292816
198810,12.3098,68.4659,39.612,23.9942849572704
198811,7.1933,61.0653,19.9559,22.6771688918976
198812,3.1963,25.0876,13.3891,24.397420949242
198901,3.2209,23.1817,16.8062,21.4154455582461
198902,4.3129,130.8075,24.7527,34.6413834688985
198903,8.592,55.8016,47.9415,36.4151818335735
198904,7.1442,152.8516,49.2281,72.2161198198376
198905,14.0706,112.0729,82.2107,41.5562428121057
198906,18.0828,59.6375,99.8546,52.4673800116053
198907,22.7209,35.097,117.3845,24.4478898825881
198908,22.092,33.7791,105.276,19.7518171822168
198909,15.5583,45.6224,58.6579,20.7630422735287
198910,12.1871,28.171,39.6996,18.3940797802484
198911,8.3006,124.076,15.235,19.6059496553508
198912,6.8497,169.6498,9.9021,42.2184936935735
199001,3.3098,55.5786,13.1422,19.2766706390076
199002,8.2055,17.2283,29.6452,23.1172333716834
199003,7.0399,29.9131,39.8288,23.2889508400194
199004,7.6258,59.7361,50.221,23.3917351311022
199005,14.9049,20.7045,80.696,22.2026378234853
199006,18.638,33.2909,102.0262,19.5560961968016
199007,21.5859,16.7163,112.9439,18.720896897404
199008,21.1104,26.1679,98.36,18.1084994744853
199009,17.635,69.0713,62.8188,17.5391852873499
199010,10.7577,170.5932,28.7205,20.8707503629868
199011,5.6779,71.7371,17.0292,30.9990036208255
199012,1.5675,58.279,10.9038,33.0263776018246
199101,2.5215,49.7793,11.3357,29.038100917892
199102,2.3436,97.0539,19.4845,24.0004397052395
199103,6.5552,90.9789,35.4076,50.530480825751
199104,6.6718,100.5618,53.0179,46.3507914799815
199105,9.6472,44.9731,71.6065,31.3036636452926
199106,17.4356,31.2744,100.9477,25.1630715965896
199107,21.6534,29.9142,115.3823,23.8151817913716
199108,22.7147,15.1605,104.2336,22.7984174268875
199109,16.9417,103.4976,67.035,22.0783119145108
199110,8.4417,95.50,29.6891,28.1930540217439
199111,5.0644,60.3642,16.8421,27.0901231856934
199112,5.0368,33.5831,12.8003,27.5985053679354
199201,1.1319,23.5115,14.1357,20.4553048750771
199202,3.638,34.3888,27.3425,16.8547773131936
199203,7.2791,46.2025,41.8219,21.0215416882281
199204,9.9939,91.9533,63.2015,43.8279602874754
199205,14.589,130.4555,85.3259,26.901787897841
199206,13.6104,71.1138,81.5287,27.0907386604903
199207,21.9877,19.0288,110.2204,22.5319168398285
199208,21.9755,33.9116,98.7275,19.445310733359
199209,16.1288,29.5563,66.2031,16.0004982950919
199210,9.1718,156.5631,27.8172,20.7796600930451
199211,8.8497,20.5463,22.2534,23.0692263375249
199212,4.7485,82.8491,10.9457,33.3371923742607
199301,4.3558,16.6494,18.4779,24.8781067656234
199302,3.3098,22.338,23.2523,20.9723037044758
199303,5.9908,38.0424,39.0244,20.2429660701456
199304,7.4018,59.0604,51.1509,18.7996776714076
199305,10.454,101.71,61.4438,27.7763775842405
199306,15.4693,48.5263,85.6094,22.9042790919549
199307,21.2607,11.3146,105.1954,16.679982470873
199308,21.8006,7.5572,94.514,17.7312134239837
199309,14.4939,67.7622,49.7018,14.6784584313439
199310,8.135,162.7998,24.3098,25.2018465087945
199311,5.0706,52.2731,16.0795,31.9474502828533
199312,4.6135,32.7783,12.1911,21.3212779143199
199401,2.5368,90.6074,12.5238,44.231096279447
199402,3.9049,75.4345,21.3462,32.3376613040899
199403,9.184,14.7342,50.7273,31.4969227315202
199404,7.4233,44.0004,57.9794,27.0624268198328
199405,12.8282,64.4902,79.6491,27.0901231856934
199406,17.7914,17.0325,106.9606,21.2492673630822
199407,24.1258,8.0148,124.4412,19.5653283187551
199408,22.773,6.3069,108.9044,13.8611079010565
199409,14.4571,28.9779,60.6647,12.4104338047557
199410,10.865,124.894,33.45,13.7890973498188
199411,7.865,92.1519,21.2891,26.0419696065673
199412,3.7975,45.5025,12.3764,18.3700762631692
199501,3.0092,66.8341,13.6265,27.6514362004691
199502,5.819,65.2678,24.1183,35.1097597893418
199503,6.2853,26.4829,45.1682,20.8344373499695
199504,9.5613,27.2374,65.2798,16.4824150610671
199505,13.6779,58.7619,78.7312,15.2176143534311
199506,17.0767,70.4198,93.7148,14.2236225564325
199507,21.5644,6.1787,117.4214,14.8021688655214
199508,19.5736,34.4006,94.7737,13.5767585448872
199509,13.6963,20.0306,53.4922,11.5684642825921
199510,13.047,14.008,41.2374,9.757737430103
199511,8.0922,100.7338,19.1519,12.3427315770963
199512,5.0916,220.408,10.2116,63.7490330388405
199601,4.6115,161.1406,11.2017,137.858353333952
199602,2.7482,83.2891,20.4908,75.8861960337712
199603,5.2357,61.4305,36.7193,30.0874854466119
199604,8.619,40.7003,59.2488,37.1168231020431
199605,11.3665,117.5348,67.9238,44.541911051883
199606,16.5038,52.4939,96.2865,24.0189039491466
199607,20.7002,16.841,111.6937,22.1632474364835
199608,20.472,64.7413,92.5464,18.8273740372682
199609,15.3582,43.409,57.0581,16.8849355782418
199610,11.4117,26.0037,38.0057,15.6798359259054
199611,5.3006,133.7067,16.8106,24.8399473282154
199612,3.0994,204.8171,9.1556,94.4809205978101
199701,3.0781,176.5313,11.5082,172.925029887511
199702,6.1931,20.164,27.4145,48.0359614739024
199703,8.3031,15.0227,51.4807,34.2524033972557
199704,10.2902,53.4302,67.1847,26.8347011449786
199705,12.5797,95.2259,72.7121,24.1518465052776
199706,15.5988,65.3956,84.9421,22.0001466153041
199707,19.1229,54.3229,101.5396,17.125586223831
199708,20.4288,51.1793,92.2036,17.7472157687032
199709,18.4845,41.6175,67.1829,16.9378664107755
199710,13.0493,25.8276,39.1187,17.4450176434237
199711,6.2084,174.552,14.2766,45.2687867870257
199712,3.5659,143.984,10.4354,81.0512605293827
199801,3.8806,42.4368,13.773,48.6188161065697
199802,5.991,43.669,26.0638,34.8001759664995
199803,7.7407,33.936,46.0762,30.2425850954315
199804,6.4563,116.216,45.8345,36.1942263814852
199805,11.1937,150.1063,62.4979,58.9101701855878
199806,17.437,24.2717,100.5813,43.0346132742672
199807,20.7545,10.6655,112.9597,28.942702324372
199808,21.0661,48.0468,100.4149,26.3115475676109
199809,16.7143,41.8121,58.0268,23.628077453113
199810,10.5757,36.5226,36.9407,15.3222450689046
199811,5.3445,38.6145,18.6664,15.0815944233155
199812,3.3079,44.7906,12.8869,15.4274912591751
199901,3.1965,37.4727,15.8427,15.567819512869
199902,4.1182,42.0096,24.2579,16.0878957162522
199903,6.0258,79.0045,39.1452,20.468845320609
199904,8.7546,63.5136,61.4729,20.6196366458503
199905,13.7077,68.7767,80.3732,19.4040739219665
199906,16.9077,84.6102,97.1804,16.9840270205432
199907,21.2197,36.1519,109.7287,14.5135111857739
199908,20.6345,13.7268,94.877,13.9035756620428
199909,16.7517,150.0909,58.785,14.6021395565279
199910,11.5872,168.367,32.0118,37.7501466680565
199911,4.1462,38.9869,16.8642,18.9012310128966
199912,3.4068,61.9902,11.4939,34.1643905012986
200001,1.8718,25.7498,15.2035,22.9732122692081
200002,6.1419,16.0452,29.1564,16.4633353423631
200003,6.6404,46.9421,43.6259,16.1494431959425
200004,7.6789,169.42,46.8729,65.9893612995681
200005,13.8862,73.2175,78.4845,36.8712486580787
200006,17.08,33.0487,101.6186,19.3640680601678
200007,19.7319,8.5023,104.0153,16.2423798902749
200008,19.8633,6.5977,96.2427,16.7138335847027
200009,16.7617,28.0687,67.4736,13.5927608896067
200010,10.6885,79.661,36.2273,11.5339976939656
200011,5.19,116.1676,14.8035,27.6409731289218
200012,4.2637,146.0597,10.7726,63.6800998615874
200101,4.3762,157.5421,11.7966,129.156770655335
200102,4.4455,46.245,23.1478,56.1657680661965
200103,8.6775,157.2335,35.3763,117.284261823073
200104,9.0235,24.3224,61.9213,34.2813307127102
200105,12.4309,68.3194,73.4963,27.7868406557878
200106,17.9771,22.6117,109.3572,18.440855864813
200107,20.3059,7.0803,106.0929,13.1939332212134
200108,21.5979,27.4735,99.4939,14.226699930417
200109,16.9756,82.1314,64.1171,14.91972455173
200110,13.0944,79.5069,37.0686,15.6361372153253
200111,4.3854,14.3184,17.4582,15.1314478818647
200112,1.4113,27.4497,12.3949,14.9529601907627
200201,3.8627,40.6736,14.7646,13.7681712067241
200202,5.0117,29.9263,25.1637,12.9643611219686
200203,6.499,87.0253,35.9693,22.9178195374868
200204,8.9395,68.3314,59.4593,24.658382263129
200205,11.544,78.408,65.5253,24.4983588159341
200206,17.7288,46.8729,95.4706,13.5755275952934
200207,20.419,6.1689,103.3217,10.4427608790562
200208,20.2304,45.1499,89.4854,8.81790741523184
200209,16.2197,52.7317,58.0216,10.8631301653411
200210,10.8637,94.6038,30.4499,11.3499707296915
200211,6.6202,102.0376,15.2356,26.9485639824057
200212,5.0537,98.045,9.7087,41.0367820835194
200301,2.4067,117.7587,11.5704,88.6591444939029
200302,3.5269,80.672,20.3413,44.0187574745153
200303,7.6134,79.2158,42.7269,49.3820048547296
200304,9.6213,46.4333,57.426,47.4291033241559
200305,14.2189,66.8096,82.1772,29.6406507440602
200306,19.6778,43.7952,101.3464,19.0267878714649
200307,21.5825,4.5133,112.6369,15.7419988803926
200308,22.1727,43.0677,100.67,15.9451055633707
200309,17.7362,53.8115,62.9117,15.3234760184984
200310,10.9527,184.4193,28.4848,20.6553341840707
200311,7.4447,54.3494,17.7704,33.0393025725595
200312,3.68,42.9874,11.3054,28.9026964625733
200401,4.4056,40.3231,15.0148,25.1606096974019
200402,4.8054,55.8849,24.5168,29.438159535879
200403,5.5061,64.4362,34.0873,33.6110786588826
200404,8.2272,102.2374,55.0027,45.6953108212796
200405,11.3187,105.756,66.5198,62.5143905962528
200406,18.8378,33.15,101.4421,29.5452521505402
200407,20.8408,29.2565,107.042,29.2898301098254
200408,20.8508,17.0287,94.6779,28.0330305745491
200409,18.8853,36.7275,70.9369,27.8083822736794
200410,12.18,92.5834,33.4945,14.1109906685992
200411,5.9558,30.8132,19.2838,13.9312720279035
200412,2.9492,39.9325,9.4082,13.9318875027004
200501,1.80,13.5252,15.2283,13.1557737838054
200502,2.1332,33.0139,20.1112,12.1587046128223
200503,6.0129,31.7264,40.6759,14.0082063775163
200504,9.2655,21.9186,60.1238,13.8543376782906
200505,14.446,34.0779,86.1198,9.24381597468884
200506,19.4947,71.1227,110.8153,8.02948420039887
200507,21.933,8.4856,113.3713,8.50524621840503
200508,21.6227,6.5458,100.9003,8.33599064925665
200509,16.9092,34.094,64.7531,8.72250882171185
200510,12.8373,69.1223,36.4607,12.3568874974251
200511,5.5098,57.0956,15.7225,11.8245017981039
200512,2.6767,97.9033,10.4686,13.1680832797435
200601,2.5662,32.627,12.0091,12.2024033234024
200602,3.5067,68.0798,22.8957,10.940064514954
200603,7.4379,71.4022,39.1171,29.5612544952597
200604,10.6667,72.0017,66.0207,20.6830305499313
200605,15.5308,24.9179,89.8476,12.980363466688
200606,18.6594,73.683,105.6176,9.38537517797657
200607,22.0417,27.0176,110.1663,9.47584997312134
200608,20.428,5.4248,92.6064,8.98223918600499
200609,16.9092,107.3912,58.6395,9.71773156830429
200610,12.7397,143.0064,36.3742,19.2009672389885
200611,8.8607,60.3413,18.71,16.8160024009887
200612,2.0613,49.9299,10.5544,26.8051583547272
200701,3.0199,23.0868,14.8224,14.322098523937
200702,4.9244,117.607,20.6968,44.4994432908967
200703,4.947,71.0488,36.2815,26.2500000879206
200704,8.5862,102.9672,58.2814,39.6827375303324
200705,11.9415,81.695,75.8217,29.7643611782377
200706,15.9011,41.8033,95.075,18.193434996458
200707,19.1928,4.0003,112.024,12.758177065006
200708,19.056,12.9052,95.0285,11.7438745997096
200709,16.714,40.9425,65.6181,10.9886870239094
200710,10.5499,28.9802,37.362,12.0319168046602
200711,5.548,37.5679,22.1019,12.13531657054
200712,2.7625,11.7048,12.29,12.2399472860135
200801,4.8869,69.0989,16.1207,11.6829425948161
200802,5.0613,43.4123,25.8269,10.755422075883
200803,5.5953,29.668,40.353,10.7006448189587
200804,8.6151,189.9447,60.2773,42.5816238237464
200805,11.1309,122.8913,65.3646,18.778136053516
200806,15.5885,59.9816,90.6633,22.452520591028
200807,19.049,9.7375,108.087,12.7926436536326
200808,19.7697,13.6486,96.7117,11.9303634631712
200809,15.2528,39.5878,60.0013,11.4546014451651
200810,10.5133,146.4702,33.4745,9.60079135689269
200811,3.9215,51.3476,16.291,18.530099710364
200812,2.531,61.1077,10.4684,28.5500294039478
200901,1.0371,116.9072,11.4365,64.5522276487992
200902,3.6664,58.9698,24.3393,62.1475676172985
200903,7.3717,52.5792,45.3706,29.1710434740231
200904,7.5479,77.7535,58.5292,30.5490915442893
200905,13.884,33.7708,91.3606,17.9318582077741
200906,17.6517,17.5431,102.3921,13.3373388488919
200907,19.9907,5.5071,112.6877,11.900205198123
200908,21.5367,6.9602,105.4805,11.6934056663635
200909,17.2491,63.9267,62.6314,11.3715123475831
200910,13.1813,45.585,45.6606,10.4870750644333
200911,8.0244,19.5702,21.5949,11.7814185623206
200912,3.6725,292.6399,11.3187,50.4609321737009
