code,date,tas,pre,etp,qmmobs,qhmobs
3001,198507,20.9702,24.8067,106.6446,29.59220633,11.8952
3001,198508,19.0769,6.7046,98.2935,26.125287,10.5016
3001,198509,17.0248,13.8882,67.4091,23.91243917,9.6121
3001,198510,10.9975,11.1189,37.923,7.493829706,3.0123
3001,198511,4.2854,71.4271,13.2112,7.508009844,3.018
3001,198512,3.9826,101.7204,11.0113,11.42123035,4.591
3001,198601,1.268,91.3757,10.9303,15.90165637,6.392
3001,198602,0.1464,137.6744,16.1543,138.0349351,55.486
3001,198603,4.5558,46.2706,34.8953,99.64930189,40.0561
3001,198604,3.5261,100.4534,38.6404,24.02986066,9.6593
3001,198605,13.1588,47.5702,76.3007,20.58284329,8.2737
3001,198606,15.8635,84.1863,95.3993,21.47345546,8.6317
3001,198607,18.9628,34.0548,104.4359,14.22292706,5.7172
3001,198608,18.5658,14.8704,94.1192,14.05973109,5.6516
3001,198609,15.9727,61.1624,52.8071,11.87922392,4.7751
3001,198610,11.9206,46.9076,30.8558,13.55646058,5.4493
3001,198611,5.5236,37.8347,17.1473,9.781807391,3.932
3001,198612,2.1762,37.768,10.4358,10.43857167,4.196
3001,198701,0.0298,135.0858,11.0503,41.43088003,16.654
3001,198702,1.2878,79.7057,18.1609,67.43028721,27.105
3001,198703,5.8139,15.5312,39.1975,33.38327863,13.4191
3001,198704,8.8511,82.468,56.5838,66.2792083,26.6423
3001,198705,10.7816,66.85,73.3934,22.05807518,8.8667
3001,198706,15.598,40.4644,94.986,17.63984274,7.0907
3001,198707,18.1861,65.692,93.2245,18.36004448,7.3802
3001,198708,19.9975,11.0999,94.6346,14.63191209,5.8816
3001,198709,17.6551,14.9624,65.4554,11.43391784,4.5961
3001,198710,9.6055,152.2754,24.7936,20.70623536,8.3233
3001,198711,3.8337,51.6295,13.7334,15.21503917,6.116
3001,198712,4.0819,105.0158,10.9556,45.28937018,18.205
3001,198801,2.7146,149.1513,9.3504,69.58964856,27.973
3001,198802,1.8809,35.2183,20.1747,51.23507711,20.595
3001,198803,5.062,13.0955,40.0415,17.42191641,7.0031
3001,198804,6.5385,140.1206,47.1711,33.02554111,13.2753
3001,198805,9.7419,114.3379,57.9666,65.22540016,26.2187
3001,198806,12.3499,208.0116,68.863,55.70231809,22.3907
3001,198807,18.7196,16.6715,99.0042,42.52349697,17.0932
3001,198808,19.2208,20.4403,94.3381,17.21418983,6.9196
3001,198809,14.9404,18.3365,62.6542,10.6652051,4.2871
3001,198810,10.7047,63.2245,35.2405,12.46185345,5.0093
3001,198811,5.2084,62.604,17.4666,11.53317881,4.636
3001,198812,1.6824,16.6797,12.7859,12.96611905,5.212
3001,198901,1.1439,18.3957,14.8746,7.515473074,3.021
3001,198902,2.4342,161.7105,22.3372,24.18086669,9.72
3001,198903,6.8189,70.9422,43.2757,63.65165363,25.5861
3001,198904,4.6427,108.9824,42.212,76.85958135,30.8953
3001,198905,11.6104,103.636,72.6007,41.4351092,16.6557
3001,198906,14.8387,68.5478,86.69,46.95541199,18.8747
3001,198907,19.7841,44.5141,106.9562,21.96976028,8.8312
3001,198908,19.5583,44.3237,92.3843,18.26899307,7.3436
3001,198909,13.4839,55.9682,51.6355,14.78242057,5.9421
3001,198910,10.866,16.6404,36.1544,9.265103068,3.7243
3001,198911,7.1563,99.8554,13.5,11.14757856,4.481
3001,198912,5.7444,157.5092,8.8234,56.70811278,22.795
3001,199001,2.4318,45.3073,11.5313,23.98931044,9.643
3001,199002,7.1241,15.8478,28.3396,23.03401695,9.259
3001,199003,5.9975,25.5929,37.3685,15.62327787,6.2801
3001,199004,6.2432,56.3236,45.1562,14.4843889,5.8223
3001,199005,13.8387,31.9522,73.413,12.83352233,5.1587
3001,199006,17.0496,39.2919,92.4936,10.04724962,4.0387
3001,199007,20.0298,21.7201,108.3111,10.81969397,4.3492
3001,199008,19.0571,44.3272,93.9853,10.88039491,4.3736
3001,199009,17.0571,48.4525,61.8576,9.070561528,3.6461
3001,199010,10.0099,160.7798,27.0432,18.96232718,7.6223
3001,199011,4.9727,60.2486,14.8726,27.64878111,11.114
3001,199012,0.0397,55.0021,9.4092,23.08128407,9.278
3001,199101,1.2109,37.5594,10.454,28.01199166,11.26
3001,199102,-0.0298,100.2315,16.5646,24.18832992,9.723
3001,199103,5.5161,109.6589,30.21,77.38399768,31.1061
3001,199104,5.2208,124.4577,45.939,70.94621508,28.5183
3001,199105,8.1092,62.8283,62.1858,29.06853632,11.6847
3001,199106,14.5732,42.9471,87.8783,18.74688859,7.5357
3001,199107,18.1613,58.4879,103.3057,16.35243549,6.5732
3001,199108,19.335,23.0422,96.2352,13.21389831,5.3116
3001,199109,14.3499,122.0862,56.9768,13.52859786,5.4381
3001,199110,6.6799,78.3481,25.5667,20.6166766,8.2873
3001,199111,3.397,64.0213,14.7378,21.05874862,8.465
3001,199112,2.7395,39.8725,11.3022,26.82285028,10.782
3001,199201,0.0,20.1714,12.2574,15.11055394,6.074
3001,199202,1.799,42.2678,23.9956,12.21979601,4.912
3001,199203,4.1985,51.7506,35.4622,13.7027399,5.5081
3001,199204,6.8784,77.1042,54.1695,52.92251352,21.2733
3001,199205,11.67,108.2992,74.8569,21.00078419,8.4417
3001,199206,9.5831,80.6584,63.5631,22.03319774,8.8567
3001,199207,19.2184,37.6535,99.6275,18.01424814,7.2412
3001,199208,20.0893,35.9843,90.6461,16.29372474,6.5496
3001,199209,15.0695,32.1689,60.9542,14.50130556,5.8291
3001,199210,7.9752,149.4075,24.2127,26.45292282,10.6333
3001,199211,7.0149,18.0614,19.1583,25.25805962,10.153
3001,199212,2.7047,84.193,9.4196,36.3036407,14.593
3001,199301,3.3449,11.402,17.0005,22.71558578,9.131
3001,199302,1.0124,31.2757,20.1889,16.70768526,6.716
3001,199303,4.1687,33.6974,34.9086,15.98897616,6.4271
3001,199304,5.8139,59.1392,46.6366,17.18359059,6.9073
3001,199305,9.4913,88.2248,59.2858,28.99141627,11.6537
3001,199306,13.9231,52.8499,82.9001,20.89132348,8.3977
3001,199307,18.3896,11.9897,98.3234,17.7430841,7.1322
3001,199308,18.7866,8.7465,89.5192,15.81359025,6.3566
3001,199309,12.5236,52.284,46.4437,14.429161,5.8001
3001,199310,6.1414,165.9091,20.6744,22.27351376,8.9533
3001,199311,4.0,43.9864,14.2085,23.82511937,9.577
3001,199312,4.1762,23.138,11.524,15.94394801,6.409
3001,199401,1.0,73.8203,11.6014,35.27620264,14.18
3001,199402,2.2581,85.0517,19.5471,20.86221688,8.386
3001,199403,8.5037,13.9268,47.2525,20.7505172,8.3411
3001,199404,5.2705,47.5418,50.3987,13.40719597,5.3893
3001,199405,11.9801,63.4778,73.1189,13.89330105,5.5847
3001,199406,15.9206,18.1959,99.2706,10.93039856,4.3937
3001,199407,20.7543,8.8088,118.1735,10.60077255,4.2612
3001,199408,20.1092,8.1844,102.749,10.05943956,4.0436
3001,199409,12.206,45.7439,51.9705,8.510819243,3.4211
3001,199410,10.6278,101.2484,28.9054,9.202909481,3.6993
3001,199411,7.5831,72.548,19.4892,21.37966753,8.594
3001,199412,4.5931,50.9772,11.776,8.771783535,3.526
3001,199501,3.7916,56.805,11.7519,22.25784098,8.947
3001,199502,6.0074,63.3923,23.2005,19.89946015,7.999
3001,199503,6.1315,22.0585,39.8495,14.52120751,5.8371
3001,199504,9.005,28.3567,59.4613,9.775090483,3.9293
3001,199505,13.2779,80.9465,73.2866,15.34614325,6.1687
3001,199506,16.6873,99.8206,85.6216,9.786036555,3.9337
3001,199507,21.0571,19.4421,107.3811,10.84705915,4.3602
3001,199508,19.2581,55.1333,86.4075,10.53708631,4.2356
3001,199509,13.6278,26.9634,47.4732,7.570452205,3.0431
3001,199510,10.9465,11.0297,36.7103,6.944038395,2.7913
3001,199511,6.2744,82.1025,16.995,10.85900032,4.365
3001,199512,3.8833,228.891,8.7585,98.99228883,39.792
3001,199601,3.0044,167.0572,10.1067,137.0871048,55.105
3001,199602,1.0637,80.3229,18.2905,67.54223567,27.15
3001,199603,4.0024,48.0528,32.5364,21.35752661,8.5851
3001,199604,7.3622,44.266,53.9421,23.31587828,9.3723
3001,199605,9.4863,110.2374,61.443,31.82495611,12.7927
3001,199606,14.0654,68.1678,87.1232,16.96566426,6.8197
3001,199607,16.7447,35.3909,102.7485,9.792255913,3.9362
3001,199608,15.7936,71.6467,86.1546,7.798080734,3.1346
3001,199609,12.1421,52.0802,52.0043,6.321604975,2.5411
3001,199610,9.1833,14.2786,34.4387,5.695191165,2.2893
3001,199611,4.4302,138.7711,15.2402,18.55110318,7.457
3001,199612,2.1771,193.9135,7.9667,118.7574108,47.737
3001,199701,1.6311,167.694,9.883,161.6635228,64.984
3001,199702,5.3524,12.8651,25.4231,45.55804648,18.313
3001,199703,7.2669,11.0155,47.4327,19.12104522,7.6861
3001,199704,8.6279,48.049,60.7077,11.58119225,4.6553
3001,199705,9.7324,110.4181,67.1813,16.19446378,6.5097
3001,199706,12.451,74.1085,78.2756,14.51523692,5.8347
3001,199707,15.3141,51.13,93.4237,9.911667601,3.9842
3001,199708,16.3309,62.7488,88.4577,8.250850049,3.3166
3001,199709,14.4158,50.7951,60.9344,6.704717472,2.6951
3001,199710,10.2571,22.4244,35.2862,6.279810884,2.5243
3001,199711,4.3196,154.5563,12.4152,44.55548585,17.91
3001,199712,2.5119,153.6874,9.1423,139.7266007,56.166
3001,199801,2.6616,47.048,11.9338,40.47807428,16.271
3001,199802,4.927,54.1068,25.1072,28.61651333,11.503
3001,199803,6.4438,30.5371,42.8565,15.09090077,6.0661
3001,199804,3.8535,110.0046,40.0106,25.15432072,10.1113
3001,199805,8.6093,131.9123,57.943,50.68453948,20.3737
3001,199806,14.6212,39.3631,94.9962,37.31540598,14.9997
3001,199807,18.6533,15.1878,105.3824,15.7578648,6.3342
3001,199808,18.608,59.9027,91.7702,13.50496429,5.4286
3001,199809,14.2899,37.5141,51.7247,9.903955596,3.9811
3001,199810,9.3139,34.7712,31.7808,8.762578884,3.5223
3001,199811,4.2596,36.7763,15.9345,8.269259351,3.324
3001,199812,2.3147,32.4138,11.711,7.34133103,2.951
3001,199901,2.3071,39.8431,13.7342,7.595080866,3.053
3001,199902,2.1659,52.0796,21.0629,7.22689483,2.905
3001,199903,4.3024,74.0316,34.8278,11.67522896,4.6931
3001,199904,6.6187,55.8716,55.7804,11.87225824,4.7723
3001,199905,11.5154,63.7273,74.2773,13.44799497,5.4057
3001,199906,14.11,134.441,89.4715,12.09217477,4.8607
3001,199907,18.5652,56.6096,103.777,9.558408026,3.8422
3001,199908,18.1969,13.5022,90.7575,6.812934313,2.7386
3001,199909,14.1516,143.1202,50.3147,9.510892125,3.8231
3001,199910,9.269,162.0762,28.4925,51.37762482,20.6523
3001,199911,2.8322,35.8093,13.498,17.67790522,7.106
3001,199912,2.1878,46.0531,10.3391,22.88475234,9.199
3001,200001,0.5677,25.2142,12.9722,14.92894867,6.001
3001,200002,5.1121,10.3316,27.645,11.29435543,4.54
3001,200003,5.2116,44.5891,40.0255,9.152657063,3.6791
3001,200004,5.2305,151.8409,41.529,63.37601165,25.4753
3001,200005,11.6101,115.5779,72.1445,33.62359465,13.5157
3001,200006,14.999,35.7439,96.4125,13.51765179,5.4337
3001,200007,17.7606,8.9013,98.4011,10.33707174,4.1552
3001,200008,18.0731,8.5841,90.7465,8.726009055,3.5076
3001,200009,14.6068,25.9616,61.3081,8.010782802,3.2201
3001,200010,8.987,100.8602,30.0992,8.262542443,3.3213
3001,200011,3.9586,96.2064,12.3995,25.27049834,10.158
3001,200012,3.4538,147.5476,9.6271,62.84288822,25.261
3001,200101,2.7273,166.408,10.2147,152.1155633,61.146
3001,200102,2.8905,83.0023,20.5644,68.78361967,27.649
3001,200103,7.1331,169.1764,33.2908,161.2309042,64.8101
3001,200104,6.7949,23.1237,55.6547,24.55726228,9.8713
3001,200105,9.939,68.8817,65.9855,16.395971,6.5907
3001,200106,16.1921,18.2521,101.1842,11.80110878,4.7437
3001,200107,17.9798,9.9909,99.4329,10.85949787,4.3652
3001,200108,18.9622,39.4252,92.6761,11.51974499,4.6306
3001,200109,14.2096,78.611,57.2633,9.876590418,3.9701
3001,200110,10.9807,72.6788,33.9961,9.663142026,3.8843
3001,200111,3.0072,8.343,14.4364,8.266771607,3.323
3001,200112,0.5443,20.6991,10.7872,7.699566092,3.095
3001,200201,2.9157,40.7405,12.4901,8.478229804,3.408
3001,200202,4.4963,45.2665,24.1399,8.513058212,3.422
3001,200203,5.7198,84.1598,34.6927,18.31750407,7.3631
3001,200204,7.0348,82.6776,55.8153,22.97754517,9.2363
3001,200205,10.0034,85.2091,64.374,24.61298774,9.8937
3001,200206,15.969,88.0021,90.5656,13.25892646,5.3297
3001,200207,17.9927,5.1471,97.3655,11.63069835,4.6752
3001,200208,17.0311,82.4658,81.8021,10.75600774,4.3236
3001,200209,13.7157,57.7053,54.5128,9.456161768,3.8011
3001,200210,9.4344,94.0834,29.3823,13.4146592,5.3923
3001,200211,4.9603,111.6636,12.4524,44.13008171,17.739
3001,200212,3.7397,107.6037,8.2416,64.17631873,25.797
3001,200301,1.2473,126.2251,8.9305,102.6940511,41.28
3001,200302,1.5567,127.497,16.4116,49.42399986,19.867
3001,200303,5.6857,65.8867,39.7528,52.31500656,21.0291
3001,200304,7.2551,41.0104,52.9737,35.20977989,14.1533
3001,200305,11.5102,127.2028,76.0021,43.25613743,17.3877
3001,200306,17.9119,86.32,96.8219,18.80410669,7.5587
3001,200307,19.8373,3.4902,106.0299,17.10870951,6.8772
3001,200308,19.7675,50.6157,96.1232,14.83093157,5.9616
3001,200309,14.8183,50.5332,57.3723,12.27726288,4.9351
3001,200310,8.9098,201.05,24.6221,22.87554769,9.1953
3001,200311,5.4668,47.1105,14.3726,45.73467626,18.384
3001,200312,2.1505,33.8771,8.8338,34.15174259,13.728
3001,200401,3.3162,40.8509,11.9957,25.5715153,10.279
3001,200402,3.3768,108.8658,21.4858,25.76555929,10.357
3001,200403,4.0862,85.0852,30.0086,41.3390823,16.6171
3001,200404,6.0808,113.3214,46.1958,68.71719692,27.6223
3001,200405,9.0456,144.0715,56.2097,95.44153255,38.3647
3001,200406,16.6714,57.5482,90.9643,31.64335083,12.7197
3001,200407,18.4566,51.5657,93.2742,23.03700224,9.2602
3001,200408,18.3002,22.5903,81.5736,20.71693266,8.3276
3001,200409,15.7312,41.4458,59.8173,17.29752924,6.9531
3001,200410,10.1688,92.3976,27.9993,11.09608227,4.4603
3001,200411,4.8214,33.3471,17.742,12.68997953,5.101
3001,200412,1.4866,44.938,7.6101,12.25462442,4.926
3001,200501,1.3759,12.5076,13.2648,9.261869002,3.723
3001,200502,-0.1539,96.8795,16.1056,7.577666661,3.046
3001,200503,5.0793,29.1659,37.7685,12.2897016,4.9401
3001,200504,7.5614,34.4247,50.9754,12.51658381,5.0313
3001,200505,12.3893,27.1645,77.9991,8.967568947,3.6047
3001,200506,17.1934,118.65,99.0108,7.532140955,3.0277
3001,200507,19.8975,11.503,102.2054,6.876620547,2.7642
3001,200508,19.1276,8.3752,91.4995,5.464577343,2.1966
3001,200509,14.0091,41.682,55.007,4.510527716,1.8131
3001,200510,10.1048,57.4956,30.8301,3.869187445,1.5553
3001,200511,3.7553,59.8903,12.3798,4.492864737,1.806
3001,200512,0.9891,96.7521,8.7687,17.21020944,6.918
3001,200601,0.3636,38.183,9.5317,13.93633901,5.602
3001,200602,1.6414,136.7182,19.1782,8.809099687,3.541
3001,200603,5.3113,75.0268,32.4248,62.17642174,24.9931
3001,200604,8.779,66.5201,57.4625,24.47019126,9.8363
3001,200605,12.6599,39.581,79.8984,17.35872773,6.9777
3001,200606,16.1103,112.939,95.5155,12.05237087,4.8447
3001,200607,20.1659,66.7841,99.5675,11.31226718,4.5472
3001,200608,17.6974,3.6652,88.9328,8.942442738,3.5946
3001,200609,14.0091,105.9185,53.2863,9.090463476,3.6541
3001,200610,11.1872,134.2865,32.228,20.64404178,8.2983
3001,200611,6.5861,65.1719,16.9762,14.61798073,5.876
3001,200612,0.4993,42.3274,10.3377,20.37959465,8.192
3001,200701,2.3396,29.2624,15.5824,9.759417699,3.923
3001,200702,3.2079,114.3283,18.7742,40.32880967,16.211
3001,200703,2.3272,88.44,31.8909,24.9149998,10.0151
3001,200704,6.1503,107.8296,50.1186,65.16718696,26.1953
3001,200705,10.1785,104.9887,67.9095,36.43723253,14.6467
3001,200706,14.4496,38.6077,88.0218,21.01322291,8.4467
3001,200707,17.8257,5.2759,106.2855,16.93705521,6.8082
3001,200708,17.195,18.3945,88.6621,14.5348901,5.8426
3001,200709,14.3988,48.0475,59.2878,12.20511832,4.9061
3001,200710,8.107,32.5958,32.9416,10.66072716,4.2853
3001,200711,3.4459,40.9743,19.5859,9.154896032,3.68
3001,200712,0.5928,24.556,10.4397,7.460742717,2.999
3001,200801,2.9675,65.9447,13.64,10.64256664,4.278
3001,200802,2.9324,48.7781,23.3059,7.29157616,2.931
3001,200803,3.7438,40.7274,36.7918,6.500722506,2.6131
3001,200804,6.6264,213.6129,52.854,62.23413739,25.0163
3001,200805,9.1252,134.6344,59.1583,37.19848204,14.9527
3001,200806,13.9724,67.6771,85.1844,33.12107046,13.3137
3001,200807,18.2165,17.615,105.9457,16.43950651,6.6082
3001,200808,18.5037,24.6945,94.17,12.33074937,4.9566
3001,200809,13.123,34.6995,55.2827,8.83671364,3.5521
3001,200810,8.1655,197.7475,28.7206,12.71560328,5.1113
3001,200811,1.397,54.5875,13.4285,24.44207976,9.825
3001,200812,0.041,50.9457,9.1514,27.46717584,11.041
3001,200901,-1.4926,103.3132,9.5664,49.11054418,19.741
3001,200902,1.278,49.8134,22.4086,47.70745685,19.177
3001,200903,5.5715,47.931,41.8149,29.42030325,11.8261
3001,200904,5.2993,75.6619,53.1725,44.09599963,17.7253
3001,200905,12.0182,37.4934,83.7754,21.91378605,8.8087
3001,200906,16.1488,20.9724,98.592,15.95066492,6.4117
3001,200907,18.7024,6.8226,108.2849,14.19556189,5.7062
3001,200908,20.4064,8.6372,97.4985,12.93775878,5.2006
3001,200909,15.1189,51.1485,55.7377,11.57571922,4.6531
3001,200910,11.3215,23.6717,40.8149,7.794846668,3.1333
3001,200911,6.3781,25.9549,19.1657,7.002997916,2.815
3001,200912,2.0706,288.8227,10.1115,70.69669441,28.418
3268,198507,20.2162,38.4849,110.7778,13.4271777,2.46
3268,198508,18.2216,4.5926,104.2371,10.43062463,1.911
3268,198509,16.1622,10.7981,70.3429,8.533899321,1.5635
3268,198510,10.1027,10.6196,38.9714,7.82433302,1.4335
3268,198511,3.5027,54.531,13.3688,7.057455595,1.293
3268,198512,3.6324,113.4146,11.4029,7.297616497,1.337
3268,198601,0.8216,89.0652,11.0575,7.297616497,1.337
3268,198602,-0.6,117.758,15.9551,20.87216566,3.824
3268,198603,3.7568,50.8285,36.469,19.81054531,3.6295
3268,198604,2.7622,92.3104,40.2571,24.24806379,4.4425
3268,198605,12.5459,44.6956,81.3971,23.69678536,4.3415
3268,198606,15.0865,81.9399,96.1531,18.48420214,3.3865
3268,198607,18.4919,20.7619,108.3906,14.1476604,2.592
3268,198608,17.8486,11.3623,97.2964,10.92186283,2.001
3268,198609,15.373,83.2745,53.7157,8.512066512,1.5595
3268,198610,11.4649,59.3223,33.1982,9.172508992,1.6805
3268,198611,5.4054,39.0144,18.1008,8.165470665,1.496
3268,198612,2.2216,43.7108,10.7481,5.878483894,1.077
3268,198701,-0.5946,140.9203,10.6502,12.69577859,2.326
3268,198702,0.8,77.1083,18.0405,25.87187898,4.74
3268,198703,5.1243,7.6999,39.7193,21.95561882,4.0225
3268,198704,8.0108,68.6059,57.2382,29.82634656,5.4645
3268,198705,9.8973,56.4778,74.8086,18.28224866,3.3495
3268,198706,14.9676,28.7529,96.3862,12.20181128,2.2355
3268,198707,17.6541,67.7928,93.7175,11.95346307,2.19
3268,198708,19.5189,8.1623,98.8461,9.906637204,1.815
3268,198709,17.2541,11.9189,68.2805,5.935795019,1.0875
3268,198710,9.2973,152.0619,25.7588,12.61663465,2.3115
3268,198711,3.5514,50.3582,13.7654,14.09853658,2.583
3268,198712,4.0,83.2169,11.913,21.27061443,3.897
3268,198801,2.4,138.0691,9.4781,40.11232882,7.349
3268,198802,1.5351,31.7385,20.479,25.89371179,4.744
3268,198803,4.7514,9.6552,40.4252,20.5091952,3.7575
3268,198804,6.2541,155.8206,47.7486,30.11563128,5.5175
3268,198805,9.4757,122.6219,60.4988,47.70195914,8.7395
3268,198806,12.0,175.844,72.3332,46.85593778,8.5845
3268,198807,18.373,8.5778,104.0913,28.10974193,5.15
3268,198808,18.9189,19.5791,100.1857,10.8345316,1.985
3268,198809,14.4811,25.0348,64.1271,9.412669894,1.7245
3268,198810,10.3297,63.9458,37.1036,4.352916347,0.7975
3268,198811,4.8865,64.2742,18.0195,5.288998044,0.969
3268,198812,1.2811,17.6049,13.0745,5.676530409,1.04
3268,198901,0.7081,17.7555,14.611,6.544384577,1.199
3268,198902,2.0108,95.2283,22.7097,8.15455426,1.494
3268,198903,6.373,88.468,43.7512,13.99210164,2.5635
3268,198904,4.2216,102.3955,43.3592,22.41410781,4.1065
3268,198905,11.1838,139.2336,75.4893,29.71172431,5.4435
3268,198906,14.3946,58.2674,88.5711,26.96624854,4.9405
3268,198907,19.5568,38.1244,112.2431,12.90864848,2.365
3268,198908,19.427,32.8308,96.1004,8.793163931,1.611
3268,198909,13.2,48.263,53.6695,7.09293391,1.2995
3268,198910,10.5297,8.3266,38.8772,6.26874536,1.1485
3268,198911,7.3784,104.3286,16.3002,6.467969745,1.185
3268,198912,5.7027,139.5988,9.6243,19.01637687,3.484
3268,199001,2.1622,44.1854,12.3608,16.4892292,3.021
3268,199002,7.0973,15.7198,28.1433,10.81269879,1.981
3268,199003,5.9676,27.388,40.4205,13.11878927,2.4035
3268,199004,5.9405,51.4782,48.3048,13.68644231,2.5075
3268,199005,12.6216,33.9752,82.6938,11.10471261,2.0345
3268,199006,17.4216,38.9305,99.5955,4.838696353,0.8865
3268,199007,20.2324,21.3578,115.3708,5.463660518,1.001
3268,199008,19.4162,41.2592,99.4844,5.403620293,0.99
3268,199009,16.7622,56.0201,62.7921,6.874605817,1.2595
3268,199010,9.9892,130.6015,28.7765,11.72148947,2.1475
3268,199011,4.9784,49.7655,16.1891,13.81471006,2.531
3268,199012,0.2162,52.9352,9.8616,10.6162035,1.945
3268,199101,1.1135,43.7458,10.8691,12.47199229,2.285
3268,199102,0.5027,90.0472,17.8829,11.56047251,2.118
3268,199103,5.7838,104.3486,33.6474,40.89558085,7.4925
3268,199104,5.5297,123.5284,51.5018,57.41210106,10.5185
3268,199105,8.027,69.2788,68.0285,24.70109458,4.5255
3268,199106,15.5568,39.4192,98.4643,16.83582504,3.0845
3268,199107,19.0541,42.6501,113.5261,9.80293136,1.796
3268,199108,20.2919,25.2209,106.8842,9.502730232,1.741
3268,199109,14.6054,115.6156,64.2873,8.250072801,1.5115
3268,199110,6.9351,58.8918,28.9656,6.514364464,1.1935
3268,199111,3.8432,57.3595,16.6299,6.38609671,1.17
3268,199112,2.6703,54.4251,12.0539,13.78741905,2.526
3268,199201,0.0,20.6729,12.3045,9.027866631,1.654
3268,199202,2.9946,37.302,25.0007,7.155703236,1.311
3268,199203,4.9189,52.0546,36.9954,6.519822667,1.1945
3268,199204,7.1135,59.1358,58.4467,24.05702671,4.4075
3268,199205,12.0649,101.2643,81.0299,19.15556103,3.5095
3268,199206,11.1459,77.1454,76.2717,15.5586057,2.8505
3268,199207,19.9027,35.7442,108.2797,14.48606895,2.654
3268,199208,20.6865,36.7136,101.7225,10.99827767,2.015
3268,199209,16.0054,23.9743,66.288,7.578713916,1.3885
3268,199210,8.5081,128.9884,27.3284,7.393135037,1.3545
3268,199211,7.5568,18.5358,21.7297,6.184143224,1.133
3268,199212,2.6216,76.7585,10.1357,6.102270189,1.118
3268,199301,4.0,9.7743,16.9266,8.400173365,1.539
3268,199302,1.3189,37.6158,20.8738,9.055157642,1.659
3268,199303,4.9838,35.1568,36.0538,7.425884251,1.3605
3268,199304,6.8595,54.8829,50.1503,6.519822667,1.1945
3268,199305,10.0432,84.9438,62.3905,7.889831448,1.4455
3268,199306,15.2541,58.9101,85.2584,6.563488285,1.2025
3268,199307,19.2216,11.8078,102.0921,6.025855357,1.104
3268,199308,20.0541,4.7515,94.8978,5.927607715,1.086
3268,199309,12.8919,57.5104,50.1319,6.33970199,1.1615
3268,199310,6.5351,148.4054,24.4865,8.714019998,1.5965
3268,199311,4.1946,37.2332,14.979,9.895720799,1.813
3268,199312,4.0,32.3681,12.0373,8.640334266,1.583
3268,199401,1.1946,69.1114,12.1389,20.4955497,3.755
3268,199402,3.0919,66.9464,20.5391,13.48721792,2.471
3268,199403,8.2,10.3553,48.9597,13.4408232,2.4625
3268,199404,5.5027,55.4954,51.0824,10.91367553,1.9995
3268,199405,12.0703,62.9177,76.8008,11.35033172,2.0795
3268,199406,16.2649,22.0605,101.8844,9.276214836,1.6995
3268,199407,22.1081,8.902,125.6722,9.240736521,1.693
3268,199408,21.1946,6.5799,111.5773,6.22235064,1.14
3268,199409,12.5568,49.1559,57.6716,5.46638962,1.0015
3268,199410,11.0,98.4155,32.2228,4.593077249,0.8415
3268,199411,7.6919,61.9943,21.1414,4.088193535,0.749
3268,199412,4.4919,46.9118,12.4953,4.31197983,0.79
3268,199501,3.6919,47.4113,12.8188,4.874174668,0.893
3268,199502,6.1243,47.1423,24.3136,5.11433557,0.937
3268,199503,6.5189,20.191,42.208,6.279661765,1.1505
3268,199504,9.4054,32.0166,62.6906,5.335392764,0.9775
3268,199505,13.4432,87.8783,77.4403,6.203246932,1.1365
3268,199506,17.0,99.2402,91.8032,5.379058383,0.9855
3268,199507,21.7568,22.9196,115.9563,6.538926375,1.198
3268,199508,19.7568,57.1871,91.0083,5.550991755,1.017
3268,199509,14.0,28.0287,53.1036,5.974002435,1.0945
3268,199510,10.8914,7.9482,40.9069,5.761132545,1.0555
3268,199511,6.4798,70.5352,18.7537,5.354496472,0.981
3268,199512,4.0491,173.4738,9.8396,9.655559897,1.769
3268,199601,3.0186,150.9751,11.6656,40.42344635,7.406
3268,199602,0.9871,67.6981,19.0907,25.71359111,4.711
3268,199603,3.6293,40.7165,34.0868,20.60744284,3.7755
3268,199604,6.9852,47.6075,59.8166,19.88150194,3.6425
3268,199605,9.0862,100.5817,65.9413,19.05731339,3.4915
3268,199606,14.5025,75.3821,91.4584,10.78813688,1.9765
3268,199607,18.3049,36.0688,107.3832,8.394715162,1.538
3268,199608,16.5723,66.8915,87.1765,9.027866631,1.654
3268,199609,11.615,42.4418,55.1638,7.769750997,1.4235
3268,199610,9.2062,9.9138,36.6189,5.340850966,0.9785
3268,199611,4.4896,130.1594,16.7774,11.06377609,2.027
3268,199612,2.4891,179.0883,8.8012,45.25941361,8.292
3268,199701,1.5322,151.2792,11.1322,91.49038722,16.762
3268,199702,4.5922,16.556,25.8438,28.40448485,5.204
3268,199703,7.0457,9.9008,49.0643,18.75165406,3.4355
3268,199704,9.2096,52.1985,64.3923,14.59250389,2.6735
3268,199705,10.115,127.6212,71.3402,13.1952041,2.4175
3268,199706,13.3262,64.6419,83.7285,12.94412679,2.3715
3268,199707,16.471,60.3149,98.0762,10.40879182,1.907
3268,199708,17.8318,60.7391,93.8084,8.738581908,1.601
3268,199709,15.4588,51.395,65.1949,8.009911899,1.4675
3268,199710,10.7659,18.4555,38.13,8.288280217,1.5185
3268,199711,4.3654,122.8301,14.0173,11.50589048,2.108
3268,199712,2.1948,140.1325,9.6706,49.94800939,9.151
3268,199801,2.6543,46.2298,13.0948,30.77880286,5.639
3268,199802,4.2926,38.3615,26.1725,19.61132092,3.593
3268,199803,6.1663,26.2504,45.1432,14.45059063,2.6475
3268,199804,3.6462,99.1664,44.4668,11.99439959,2.1975
3268,199805,8.8502,134.8768,62.4709,37.30408373,6.8345
3268,199806,15.4063,65.2776,96.9652,28.69649868,5.2575
3268,199807,19.087,20.6167,112.4623,14.3659885,2.632
3268,199808,18.6041,60.3671,100.5242,10.10859069,1.852
3268,199809,14.1523,32.9616,55.9102,8.692187188,1.5925
3268,199810,8.7451,40.444,33.8246,8.490233703,1.5555
3268,199811,3.6214,37.6483,16.6663,7.199368855,1.319
3268,199812,1.8982,35.8793,12.0425,7.395864138,1.355
3268,199901,1.7661,42.6131,13.7636,7.395864138,1.355
3268,199902,1.9993,62.3974,21.3816,6.964666155,1.276
3268,199903,4.2102,63.666,36.2992,7.420426049,1.3595
3268,199904,6.6626,58.172,59.0925,7.529590095,1.3795
3268,199905,11.5571,53.5183,79.5021,6.798190985,1.2455
3268,199906,14.8615,125.5984,93.9349,7.82433302,1.4335
3268,199907,19.3246,71.2182,110.2756,7.101121213,1.301
3268,199908,18.5478,15.8048,97.9345,6.921000537,1.268
3268,199909,14.0043,123.5098,56.2085,6.274203562,1.1495
3268,199910,9.4323,143.5482,30.8981,13.52269624,2.4775
3268,199911,2.0181,45.3103,13.8661,12.14995836,2.226
3268,199912,1.9336,41.9482,10.5379,12.81585904,2.348
3268,200001,-0.0018,22.1583,12.9055,11.68055296,2.14
3268,200002,4.4216,11.8822,28.0495,9.093365059,1.666
3268,200003,4.9986,43.9504,42.0246,7.82433302,1.4335
3268,200004,5.2057,129.3721,45.4601,23.42387524,4.2915
3268,200005,11.6341,108.4314,79.3747,29.42789779,5.3915
3268,200006,15.5501,41.1771,101.2557,13.07512365,2.3955
3268,200007,17.9793,5.3332,107.9717,9.202529105,1.686
3268,200008,18.1299,9.6565,100.3228,7.243034473,1.327
3268,200009,14.5412,19.0162,67.3213,6.137748504,1.1245
3268,200010,8.8758,110.4956,32.0826,5.744757938,1.0525
3268,200011,3.5321,75.3932,13.9854,6.200517831,1.136
3268,200012,3.6341,116.1274,10.6814,16.34185773,2.994
3268,200101,2.8537,137.6408,11.2245,52.74806718,9.664
3268,200102,2.6143,72.3131,21.0222,43.18529673,7.912
3268,200103,7.2604,140.1048,35.5972,89.94298687,16.4785
3268,200104,6.9088,27.1205,59.857,24.01336109,4.3995
3268,200105,9.8635,58.1952,72.3363,15.85334863,2.9045
3268,200106,16.2502,21.8268,106.7151,10.08402878,1.8475
3268,200107,18.3497,11.929,106.4315,9.240736521,1.693
3268,200108,19.3116,33.4032,98.2914,8.831371347,1.618
3268,200109,13.9078,62.9668,60.673,6.961937054,1.2755
3268,200110,10.9727,69.7392,34.758,8.408360668,1.5405
3268,200111,2.2262,8.2441,14.7656,8.76587292,1.606
3268,200112,0.1728,23.7918,11.2196,8.640334266,1.583
3268,200201,3.0383,36.2642,13.2249,6.735421658,1.234
3268,200202,3.7541,42.3936,23.661,4.792301634,0.878
3268,200203,6.8011,75.7271,36.8791,6.732692557,1.2335
3268,200204,6.9786,88.7946,58.4866,12.949585,2.3725
3268,200205,9.886,86.5292,68.937,20.0343316,3.6705
3268,200206,16.2595,94.4207,96.329,9.718329224,1.7805
3268,200207,18.2428,4.4386,103.2893,9.600977874,1.759
3268,200208,17.4444,74.1384,87.0726,9.742891134,1.785
3268,200209,13.5586,40.501,58.0299,5.668343105,1.0385
3268,200210,9.5496,111.5909,32.7032,9.276214836,1.6995
3268,200211,5.2154,87.4187,14.1777,16.43464717,3.011
3268,200212,4.3374,86.9251,9.6138,25.50072122,4.672
3268,200301,1.126,106.8216,10.1285,41.59695985,7.621
3268,200302,1.6468,105.289,17.5282,29.26142262,5.361
3268,200303,5.9616,61.6377,41.9555,30.1756715,5.5285
3268,200304,7.527,39.6769,57.2388,21.50258802,3.9395
3268,200305,11.3856,147.1141,80.9784,40.67179456,7.4515
3268,200306,18.1954,82.2806,102.1718,16.81399223,3.0805
3268,200307,20.1044,2.2041,112.9931,10.1249653,1.855
3268,200308,20.0222,45.0037,102.7116,8.738581908,1.601
3268,200309,14.7461,45.9154,60.2708,8.533899321,1.5635
3268,200310,9.1193,181.4796,26.9357,8.839558651,1.6195
3268,200311,5.5527,39.6819,16.2553,15.39758873,2.821
3268,200312,2.5373,26.9621,10.0059,12.11175094,2.219
3268,200401,3.1353,32.0844,13.4739,10.82361519,1.983
3268,200402,2.9737,83.367,22.9537,10.26142035,1.88
3268,200403,3.8123,80.2731,32.2964,15.49856548,2.8395
3268,200404,5.9541,120.338,51.2746,32.45174187,5.9455
3268,200405,8.8974,135.6171,64.3601,50.37647828,9.2295
3268,200406,16.8428,62.611,100.4399,19.7941707,3.6265
3268,200407,18.8944,33.4797,104.8761,10.49066485,1.922
3268,200408,18.5031,25.3022,92.4904,7.794312907,1.428
3268,200409,15.9024,36.1525,67.6384,7.709710772,1.4125
3268,200410,10.3631,75.4243,32.1154,5.395432989,0.9885
3268,200411,4.0864,27.5202,17.7235,7.690607063,1.409
3268,200412,1.8239,42.3595,8.4776,7.794312907,1.428
3268,200501,1.0183,5.9552,13.5255,6.462511542,1.184
3268,200502,0.0609,78.0251,16.8073,5.949440525,1.09
3268,200503,4.5832,26.8771,37.5828,7.016519077,1.2855
3268,200504,7.8177,35.5739,56.5695,6.770899973,1.2405
3268,200505,12.1636,26.35,83.8692,4.063631624,0.7445
3268,200506,17.7886,105.3183,108.3587,3.708848474,0.6795
3268,200507,20.3753,1.2806,112.6952,4.437518483,0.813
3268,200508,19.0351,6.5003,100.4546,5.037920738,0.923
3268,200509,13.9186,52.2982,60.1609,3.452312965,0.6325
3268,200510,10.3803,49.8452,34.2976,1.967681935,0.3605
3268,200511,3.6527,57.9512,14.2254,1.948578227,0.357
3268,200512,1.2481,87.9793,9.6831,3.236713973,0.593
3268,200601,0.6954,29.6149,10.5152,3.613329933,0.662
3268,200602,1.8436,135.4812,20.2155,3.18213195,0.583
3268,200603,5.4924,58.7734,35.0863,18.40232911,3.3715
3268,200604,9.3044,66.0438,62.6852,10.96825755,2.0095
3268,200605,12.6684,18.5641,84.127,8.850475056,1.6215
3268,200606,16.5441,161.1962,101.2657,6.940104245,1.2715
3268,200607,20.9545,77.2282,109.6648,8.31830033,1.524
3268,200608,17.5086,1.5654,95.265,5.578282767,1.022
3268,200609,13.9186,112.0209,59.415,4.309250729,0.7895
3268,200610,11.7906,80.2333,35.6429,6.001293447,1.0995
3268,200611,6.9589,38.9935,17.793,6.205976033,1.137
3268,200612,0.6144,29.8839,10.8733,7.898018751,1.447
3268,200701,1.5594,21.9338,15.2576,6.69175604,1.226
3268,200702,3.3602,76.1539,19.9039,11.36943542,2.083
3268,200703,2.495,68.9868,33.6992,11.66690745,2.1375
3268,200704,6.6165,89.6516,52.8077,33.83266706,6.1985
3268,200705,10.3522,89.1013,72.6901,18.89902552,3.4625
3268,200706,14.3355,37.1372,92.3387,12.10356364,2.2175
3268,200707,17.7897,3.9862,112.7163,8.558461232,1.568
3268,200708,17.2212,19.1555,95.238,6.566217386,1.203
3268,200709,14.9924,23.4536,62.9663,5.903045805,1.0815
3268,200710,8.1378,24.9938,34.5182,4.156421064,0.7615
3268,200711,3.2248,27.4755,20.4018,4.399311067,0.806
3268,200712,0.6729,18.7482,11.1629,4.912382085,0.9
3268,200801,2.8523,43.7726,14.5558,4.912382085,0.9
3268,200802,3.0476,34.6789,24.1023,4.59580635,0.842
3268,200803,3.4896,32.9521,36.9692,5.706550522,1.0455
3268,200804,7.3792,160.3448,56.0759,20.09437183,3.6815
3268,200805,9.5516,124.0779,62.9235,22.41956601,4.1075
3268,200806,14.1032,70.2253,89.1989,27.58848361,5.0545
3268,200807,18.275,15.3935,110.8735,13.71100422,2.512
3268,200808,18.7562,17.2583,100.4458,10.32146058,1.891
3268,200809,13.5644,19.1367,59.3339,7.513215488,1.3765
3268,200810,8.8147,156.3927,31.8187,7.715168974,1.4135
3268,200811,1.6523,47.783,14.2144,12.92502308,2.368
3268,200812,0.1585,38.5551,9.3766,16.18356987,2.965
3268,200901,-0.8832,63.6926,10.6486,17.10054786,3.133
3268,200902,1.2375,36.4881,22.7844,23.62855783,4.329
3268,200903,5.3571,25.8616,43.7691,17.2015246,3.1515
3268,200904,5.6828,58.8744,55.6012,27.17911843,4.9795
3268,200905,12.9738,30.4562,90.6021,16.42100167,3.0085
3268,200906,16.9228,11.7641,104.2819,11.87431914,2.1755
3268,200907,20.3147,4.234,117.5863,8.416547971,1.542
3268,200908,21.3757,4.0921,104.9192,9.502730232,1.741
3268,200909,15.8651,38.3229,59.2039,7.202097956,1.3195
3268,200910,11.6543,8.3336,41.9729,6.285119967,1.1515
3268,200911,6.5732,16.0227,20.3419,4.890549275,0.896
3268,200912,1.9284,173.8236,10.475,25.57167785,4.685
3030,198507,21.1595,41.3804,117.6261,4.502386086,4.213
3030,198508,19.2944,3.8315,109.4452,3.491406443,3.267
3030,198509,17.3501,8.6595,73.5959,3.141410847,2.9395
3030,198510,11.167,12.6614,39.7298,3.527207519,3.3005
3030,198511,4.6392,37.9024,14.9825,3.785295874,3.542
3030,198512,3.742,58.7882,11.7455,3.926362801,3.674
3030,198601,1.8426,45.8012,11.4786,3.661327968,3.426
3030,198602,0.7495,75.922,17.6323,4.954441466,4.636
3030,198603,4.6242,41.2989,36.7966,4.306281684,4.0295
3030,198604,4.1263,81.5099,45.6519,6.05145056,5.6625
3030,198605,13.6991,46.9949,84.6447,5.85801788,5.4815
3030,198606,16.1445,59.9445,99.7215,4.852381681,4.5405
3030,198607,19.4914,16.8953,115.7143,4.410478846,4.127
3030,198608,18.8041,14.2935,103.9042,3.400567891,3.182
3030,198609,16.3094,86.5864,57.7976,4.338342349,4.0595
3030,198610,12.0,80.0535,33.3792,5.336497726,4.9935
3030,198611,6.0043,32.6079,18.0373,4.044987262,3.785
3030,198612,2.8565,24.1281,11.0291,3.81628785,3.571
3030,198701,0.5418,92.4092,11.4536,8.104936168,7.584
3030,198702,2.0953,56.6519,19.3731,11.58138097,10.837
3030,198703,6.1039,10.6799,40.2206,8.002876384,7.4885
3030,198704,9.2709,44.001,59.8168,8.197377753,7.6705
3030,198705,10.7345,49.7502,77.3807,6.584726292,6.1615
3030,198706,16.1542,21.9209,100.5961,4.756199686,4.4505
3030,198707,18.6285,68.7621,102.718,4.85825947,4.546
3030,198708,20.6777,7.4945,104.7125,3.430491179,3.21
3030,198709,18.1595,16.5925,70.6717,2.86248306,2.6785
3030,198710,10.3854,102.953,28.3434,3.705678555,3.4675
3030,198711,4.9015,50.348,14.9066,3.586519749,3.356
3030,198712,4.5214,53.7842,12.1052,4.37841818,4.097
3030,198801,3.788,90.3538,10.708,7.248916406,6.783
3030,198802,2.4465,19.618,21.2348,4.695818766,4.394
3030,198803,5.7206,11.8448,41.5507,4.112849003,3.8485
3030,198804,7.7966,131.3783,52.4092,5.901834123,5.5225
3030,198805,10.8619,96.0151,68.0407,10.38070905,9.7135
3030,198806,13.2195,155.2057,80.55,18.56259082,17.3695
3030,198807,19.0107,6.3098,112.2712,21.12690969,19.769
3030,198808,19.7484,9.4003,106.1965,5.784812695,5.413
3030,198809,15.333,19.6594,68.9787,4.995585986,4.6745
3030,198810,11.5899,55.8249,40.0494,5.924276588,5.5435
3030,198811,5.8287,45.9557,19.7375,5.33703207,4.994
3030,198812,1.9604,6.3144,13.561,4.911693912,4.596
3030,198901,1.7848,14.3659,15.2179,4.717192543,4.414
3030,198902,3.4422,57.8589,24.1579,4.206359277,3.936
3030,198903,7.6103,73.3781,45.0872,5.285200662,4.9455
3030,198904,5.6606,81.4297,49.5003,6.517398895,6.0985
3030,198905,12.2966,117.7302,80.6139,10.64681258,9.9625
3030,198906,15.546,59.5607,95.9371,14.11898262,13.2115
3030,198907,20.212,40.4642,121.2253,6.327706626,5.921
3030,198908,20.2248,26.4922,104.4323,4.97795262,4.658
3030,198909,14.1381,36.5324,58.3584,4.652536868,4.3535
3030,198910,11.3608,9.4841,41.7206,3.89483648,3.6445
3030,198911,8.0096,67.4966,16.5874,3.789570629,3.546
3030,198912,6.2334,103.1213,10.2402,4.814443227,4.505
3030,199001,2.5985,37.9951,12.9783,4.158268279,3.891
3030,199002,7.1392,7.2029,29.3642,3.462551844,3.24
3030,199003,6.2248,19.9218,42.0074,3.985675031,3.7295
3030,199004,6.2901,29.0215,52.796,3.774074641,3.5315
3030,199005,12.6916,27.4214,86.5398,3.03774803,2.8425
3030,199006,18.0418,33.6916,103.5831,3.180952334,2.9765
3030,199007,20.8651,10.6324,121.3,3.069274351,2.872
3030,199008,20.2559,34.0839,104.5012,3.048969263,2.853
3030,199009,17.2173,74.1952,64.1425,2.602791672,2.4355
3030,199010,10.4058,74.5469,30.3784,2.766301064,2.5885
3030,199011,5.5824,32.4227,16.8148,3.009427775,2.816
3030,199012,0.818,29.8414,10.3947,3.385606247,3.168
3030,199101,1.7944,21.8198,11.439,2.866223471,2.682
3030,199102,1.424,67.9998,19.4061,3.287286874,3.076
3030,199103,6.2505,72.1377,34.3749,5.081081093,4.7545
3030,199104,6.3694,99.5146,54.4373,14.93011745,13.9705
3030,199105,8.7912,57.4329,69.1284,5.290544106,4.9505
3030,199106,16.879,21.8521,100.6561,4.596965048,4.3015
3030,199107,20.1852,33.3491,118.933,4.612461036,4.316
3030,199108,21.3983,18.0241,111.5183,3.878271803,3.629
3030,199109,15.7805,107.4667,63.9788,3.246142354,3.0375
3030,199110,7.9786,46.1292,30.7681,3.4427811,3.2215
3030,199111,4.7516,38.3137,17.3129,3.238127187,3.03
3030,199112,2.9679,44.8767,11.5828,3.695526011,3.458
3030,199201,0.5107,11.5206,12.9558,3.587588438,3.357
3030,199202,3.8704,21.3984,26.3164,3.405911335,3.187
3030,199203,5.7066,39.4064,39.5598,3.656518868,3.4215
3030,199204,7.818,28.3143,59.7766,4.093612604,3.8305
3030,199205,12.4604,81.2833,82.6537,3.598809671,3.3675
3030,199206,12.5064,63.8648,81.1826,3.74735742,3.5065
3030,199207,20.1595,22.8386,115.1591,3.47537611,3.252
3030,199208,21.4154,36.0595,105.2821,3.175074546,2.971
3030,199209,16.9507,13.6426,68.0172,2.536532963,2.3735
3030,199210,9.621,91.1788,27.239,3.36904157,3.1525
3030,199211,8.334,10.1629,21.6439,2.928207424,2.74
3030,199212,3.6071,54.2768,10.38,3.160112902,2.957
3030,199301,4.0,3.8123,16.8447,2.925001357,2.737
3030,199302,2.2859,26.713,22.1183,2.557372396,2.393
3030,199303,5.8148,32.6775,38.5341,2.76095762,2.5835
3030,199304,7.9133,43.7334,54.991,3.105075427,2.9055
3030,199305,11.5653,67.0052,69.6733,2.712866622,2.5385
3030,199306,16.6338,53.9941,92.0314,2.368748815,2.2165
3030,199307,19.8565,5.949,110.839,2.163026214,2.024
3030,199308,20.8929,3.5587,103.8936,2.089286684,1.955
3030,199309,13.9229,61.898,54.7782,2.107988738,1.9725
3030,199310,7.6745,107.1238,25.7057,2.75133942,2.5745
3030,199311,5.1039,23.1308,16.2452,2.746530321,2.57
3030,199312,4.5589,19.3561,12.1068,2.371420538,2.219
3030,199401,2.243,41.4923,12.5941,3.084235994,2.886
3030,199402,4.2473,34.2223,21.8851,2.621493726,2.453
3030,199403,8.9465,6.575,48.7411,2.915917502,2.7285
3030,199404,6.4582,41.2561,54.3026,2.552563296,2.3885
3030,199405,13.5728,42.0964,80.818,2.565387562,2.4005
3030,199406,17.2891,10.2445,107.3863,2.666913002,2.4955
3030,199407,23.3726,4.1562,129.4222,2.40561858,2.251
3030,199408,22.2099,2.4604,112.1981,1.976005666,1.849
3030,199409,13.5675,52.0824,59.0542,1.589674651,1.4875
3030,199410,10.9722,81.6019,31.706,1.955166234,1.8295
3030,199411,7.5996,37.7515,20.8113,2.18439999,2.044
3030,199412,4.4861,28.3118,12.6624,1.670360658,1.563
3030,199501,4.0899,20.4584,12.8774,1.661811147,1.555
3030,199502,6.0803,19.7881,25.8744,1.638299993,1.533
3030,199503,6.5717,13.8293,44.2964,1.754252732,1.6415
3030,199504,9.5589,28.5794,64.7167,1.639903026,1.5345
3030,199505,13.4668,76.4951,81.0589,2.440350968,2.2835
3030,199506,17.1799,83.0441,96.6198,2.444625723,2.2875
3030,199507,21.6499,34.7046,120.2831,3.757509964,3.516
3030,199508,19.5953,70.7911,97.7872,2.7198131,2.545
3030,199509,13.9722,21.6984,55.1982,2.031043142,1.9005
3030,199510,12.524,10.4601,41.6326,1.670895002,1.5635
3030,199511,7.2273,46.686,18.632,1.974936978,1.848
3030,199512,4.4213,109.6367,10.1846,2.988053999,2.796
3030,199601,3.7051,95.8785,11.9031,6.418545177,6.006
3030,199602,1.8843,46.2456,20.2655,3.993690198,3.737
3030,199603,5.2072,24.9678,36.5447,2.569662317,2.4045
3030,199604,8.0181,37.3046,62.4874,2.765232375,2.5875
3030,199605,10.9597,93.6369,72.8283,5.075737649,4.7495
3030,199606,15.903,51.4579,97.8514,3.95895781,3.7045
3030,199607,19.128,32.213,113.6554,3.855829337,3.608
3030,199608,18.0393,53.2736,94.1701,3.550184329,3.322
3030,199609,13.3407,35.8917,56.6894,3.038816719,2.8435
3030,199610,10.2377,3.9234,38.1001,4.142772291,3.8765
3030,199611,5.0038,103.5418,16.6487,4.474600176,4.187
3030,199612,3.6795,135.2604,9.0184,8.918208376,8.345
3030,199701,2.1223,101.0838,11.417,21.10126116,19.745
3030,199702,6.3381,9.6532,27.177,7.601583724,7.113
3030,199703,8.9349,4.708,50.4383,6.598619247,6.1745
3030,199704,9.6785,50.1316,65.6185,5.446572677,5.0965
3030,199705,12.0141,105.8943,75.855,5.487182853,5.1345
3030,199706,14.5841,51.4293,89.4542,7.625629223,7.1355
3030,199707,17.2546,68.9736,105.0098,5.458862598,5.108
3030,199708,19.396,58.5198,100.1488,4.53551544,4.244
3030,199709,16.7712,41.3255,67.3964,4.028422585,3.7695
3030,199710,12.6709,15.7432,38.5382,3.444918478,3.2235
3030,199711,5.7309,81.3299,14.6245,4.192466322,3.923
3030,199712,3.4402,95.497,10.1179,6.055190971,5.666
3030,199801,3.1045,38.8858,13.01,5.987863574,5.603
3030,199802,5.5686,16.2651,27.5445,4.806962405,4.498
3030,199803,7.6321,19.8526,46.6687,5.293750172,4.9535
3030,199804,6.1754,64.7865,50.427,5.171919645,4.8395
3030,199805,10.6604,110.2852,68.4513,6.01511514,5.6285
3030,199806,16.9322,50.2654,103.4481,7.523035094,7.0395
3030,199807,20.0967,8.4948,121.116,6.209082164,5.81
3030,199808,19.7656,56.104,106.22,5.338100759,4.995
3030,199809,15.519,24.8456,59.3106,5.405962501,5.0585
3030,199810,9.3679,42.7262,34.8791,4.100024737,3.8365
3030,199811,4.4788,35.019,17.3815,3.712625033,3.474
3030,199812,2.7584,26.4919,12.2065,4.051399395,3.791
3030,199901,2.0852,28.5056,13.7928,4.133688436,3.868
3030,199902,2.1937,37.7897,21.9613,3.891096069,3.641
3030,199903,5.1351,51.6487,38.1449,4.1897946,3.9205
3030,199904,7.768,48.8468,61.2349,3.534688341,3.3075
3030,199905,13.5714,36.6266,84.1898,3.401102236,3.1825
3030,199906,15.9067,85.5128,100.0016,2.933016523,2.7445
3030,199907,19.8451,70.0274,117.8783,2.511418776,2.35
3030,199908,20.2339,23.3986,104.4072,2.47935811,2.32
3030,199909,15.1924,92.3219,58.943,2.965077189,2.7745
3030,199910,10.5702,78.3919,32.3879,2.976832766,2.7855
3030,199911,2.588,50.523,14.5821,2.912177091,2.725
3030,199912,2.8344,29.1836,10.8525,2.895078069,2.709
3030,200001,0.3447,17.3001,12.9694,2.926070046,2.738
3030,200002,5.9554,5.2475,29.26,2.677065546,2.505
3030,200003,6.3244,36.0808,44.192,3.084770339,2.8865
3030,200004,6.8132,81.3205,51.2838,3.64583198,3.4115
3030,200005,13.3617,81.798,83.7401,3.501558987,3.2765
3030,200006,17.1029,39.3541,108.123,3.068740006,2.8715
3030,200007,19.1643,6.5031,117.7577,2.99553482,2.803
3030,200008,19.8898,9.6938,107.6616,2.554166329,2.39
3030,200009,16.1124,19.6221,70.0693,1.896388348,1.7745
3030,200010,9.6975,91.9204,33.5021,2.242643532,2.0985
3030,200011,4.2094,45.2534,15.2986,2.112797838,1.977
3030,200012,4.8213,78.4953,11.0037,2.834162806,2.652
3030,200101,3.2833,76.58,11.4547,5.765576296,5.395
3030,200102,3.2103,27.5572,22.2673,4.958716221,4.64
3030,200103,8.7911,76.4327,37.5064,8.775538415,8.2115
3030,200104,7.9307,17.7221,62.1748,5.177263089,4.8445
3030,200105,11.5674,47.3065,76.8676,4.685666222,4.3845
3030,200106,17.8338,14.9621,113.4776,3.870256637,3.6215
3030,200107,19.184,22.603,114.1818,4.171092545,3.903
3030,200108,20.7073,24.0522,104.4359,3.667740101,3.432
3030,200109,14.6596,52.2501,62.7959,3.35087386,3.1355
3030,200110,12.6331,42.3642,36.3219,3.794379729,3.5505
3030,200111,2.5386,15.1225,16.2454,3.456139711,3.234
3030,200112,0.2698,20.6292,11.7249,3.589725816,3.359
3030,200201,3.2347,25.7375,14.016,3.320416228,3.107
3030,200202,4.8196,18.9506,24.9597,2.834162806,2.652
3030,200203,6.7284,55.4542,39.1063,3.433162901,3.2125
3030,200204,7.9486,85.5899,60.7437,3.883080903,3.6335
3030,200205,10.8367,88.1846,74.1844,4.565973072,4.2725
3030,200206,17.6045,78.4779,103.7191,3.809341373,3.5645
3030,200207,18.8706,8.3812,110.9151,4.062086284,3.801
3030,200208,18.2562,66.9828,93.5885,4.071704483,3.81
3030,200209,14.6765,38.6283,61.3453,3.429956834,3.2095
3030,200210,10.7922,86.9329,35.2562,2.649813981,2.4795
3030,200211,6.2103,57.5102,16.2075,2.385313492,2.232
3030,200212,5.3676,60.0422,10.5981,3.004084331,2.811
3030,200301,1.5505,56.0823,11.4842,4.140100569,3.874
3030,200302,2.0106,59.3428,19.7019,4.096284326,3.833
3030,200303,7.186,50.5621,44.0091,4.662155068,4.3625
3030,200304,8.3008,39.0372,60.3929,4.513607319,4.2235
3030,200305,12.5154,149.6374,85.0351,9.188052308,8.5975
3030,200306,19.2925,51.9579,109.3791,4.51253863,4.2225
3030,200307,20.8766,6.8399,121.7785,4.72894812,4.425
3030,200308,21.4523,48.8362,110.0493,4.379486869,4.098
3030,200309,15.5487,52.3046,62.9862,3.656518868,3.4215
3030,200310,9.482,95.5754,29.1884,3.528276208,3.3015
3030,200311,6.0699,49.3627,17.4932,3.689113878,3.452
3030,200312,3.4045,18.8415,10.7213,3.661327968,3.426
3030,200401,3.5032,21.0716,14.0954,3.775677674,3.533
3030,200402,3.7054,48.2969,24.245,3.654915835,3.42
3030,200403,4.5929,92.5328,34.9006,5.370695769,5.0255
3030,200404,7.0861,111.7414,55.4488,7.135101045,6.6765
3030,200405,10.2557,137.2206,70.4624,15.56171255,14.5615
3030,200406,17.8444,49.756,107.2373,6.256638818,5.8545
3030,200407,19.5113,40.4814,114.4744,5.710004476,5.343
3030,200408,19.6722,20.1624,101.3074,4.453226399,4.167
3030,200409,17.0272,33.9173,71.2753,3.264310064,3.0545
3030,200410,11.8776,41.2169,36.2842,3.003549987,2.8105
3030,200411,4.4308,36.968,18.4986,3.03293893,2.838
3030,200412,2.6194,42.6379,9.6285,3.025458108,2.831
3030,200501,1.2071,3.8963,14.5824,2.947443823,2.758
3030,200502,-0.2859,31.1982,19.2274,2.645004881,2.475
3030,200503,5.4183,18.6538,41.5594,2.599585605,2.4325
3030,200504,8.6455,24.7392,63.4241,2.418977191,2.2635
3030,200505,14.1008,29.5458,92.222,2.252261732,2.1075
3030,200506,19.0125,86.4847,116.7112,2.448900478,2.2915
3030,200507,20.9668,10.5272,123.4166,2.413099402,2.258
3030,200508,19.9293,7.497,107.4777,1.950357134,1.825
3030,200509,15.047,56.9333,64.5979,2.155011047,2.0165
3030,200510,11.653,41.1739,37.4691,2.138980715,2.0015
3030,200511,4.4677,76.2211,15.8016,2.205773767,2.064
3030,200512,1.7894,66.6489,10.7628,2.381038737,2.228
3030,200601,0.921,29.259,11.4086,2.531723864,2.369
3030,200602,2.3256,57.0115,22.6139,2.279513297,2.133
3030,200603,6.6672,29.991,40.4737,2.734240399,2.5585
3030,200604,9.6602,37.9042,69.3853,2.661569558,2.4905
3030,200605,14.3892,14.179,92.1019,2.544013785,2.3805
3030,200606,17.781,127.1401,110.1162,2.887062903,2.7015
3030,200607,21.9019,47.6966,120.4893,3.021183353,2.827
3030,200608,18.2575,5.7913,102.9456,2.284856741,2.138
3030,200609,15.047,98.6496,64.1403,2.31852044,2.1695
3030,200610,13.6741,46.5572,37.1411,2.047073474,1.9155
3030,200611,7.826,30.6553,18.1222,2.182262613,2.042
3030,200612,1.4146,19.1239,11.3677,2.332947739,2.183
3030,200701,2.4857,17.4254,15.1541,2.404549892,2.25
3030,200702,4.5764,54.5247,21.5829,2.628974548,2.46
3030,200703,3.7807,61.3202,36.8531,3.003549987,2.8105
3030,200704,7.6581,94.6356,56.4474,7.436471298,6.9585
3030,200705,11.6684,79.198,76.8329,4.949632366,4.6315
3030,200706,15.9114,27.5074,98.0115,3.909798124,3.6585
3030,200707,20.0135,2.9567,121.2822,3.854760648,3.607
3030,200708,19.1371,16.9204,101.4195,2.979504488,2.788
3030,200709,15.6489,18.6788,65.9004,2.527983453,2.3655
3030,200710,9.5543,26.7458,35.6831,2.656226114,2.4855
3030,200711,4.1475,10.1202,20.8421,2.595845194,2.429
3030,200712,1.6876,22.196,11.8943,2.653554391,2.483
3030,200801,3.7374,22.3359,15.6993,2.482564177,2.323
3030,200802,4.0277,31.6289,25.6184,2.418442847,2.263
3030,200803,4.6174,31.2943,40.195,2.69683629,2.5235
3030,200804,8.3508,104.8103,61.2027,4.163077379,3.8955
3030,200805,11.0988,146.6377,70.2779,9.095076379,8.5105
3030,200806,15.2566,68.4416,92.6582,7.023957406,6.5725
3030,200807,20.1469,10.3587,119.5532,4.59108726,4.296
3030,200808,20.4822,12.3117,106.5364,4.039643818,3.78
3030,200809,14.9314,23.931,61.8449,2.868895193,2.6845
3030,200810,9.752,144.4345,33.5151,3.970713388,3.7155
3030,200811,2.499,36.0098,15.1028,5.777331873,5.406
3030,200812,1.0754,47.6832,9.9758,4.895663579,4.581
3030,200901,0.1827,39.3363,11.3534,5.173522678,4.841
3030,200902,2.4406,23.6446,24.2309,5.162835789,4.831
3030,200903,5.7803,21.398,46.452,5.524586962,5.1695
3030,200904,6.4523,51.7102,58.7478,5.9135897,5.5335
3030,200905,13.8549,26.1141,95.3258,4.652536868,4.3535
3030,200906,18.1403,12.3315,112.9316,4.221855265,3.9505
3030,200907,21.7265,5.1768,127.3232,4.274755363,4.0
3030,200908,22.2803,6.9442,111.0088,4.217046165,3.946
3030,200909,16.5879,37.8108,62.7452,3.84888286,3.6015
3030,200910,12.9265,11.0528,43.8982,2.849658794,2.6665
3030,200911,7.0266,14.0184,20.5699,2.897215447,2.711
3030,200912,2.1477,121.4412,10.7426,5.077340682,4.751
3005,198507,22.3579,24.9696,121.187,16.46626327,28.2952
3005,198508,20.5528,7.9117,110.0143,12.68094081,21.7906
3005,198509,19.059,11.5202,73.6823,11.04916573,18.9866
3005,198510,13.2055,11.3701,41.98,11.85353075,20.3688
3005,198511,6.4769,49.7852,16.6939,11.34444486,19.494
3005,198512,4.1121,96.6812,11.495,11.74598723,20.184
3005,198601,2.2563,52.2546,11.9525,17.51772234,30.102
3005,198602,1.7233,116.0433,18.8661,50.83817373,87.359
3005,198603,5.7291,48.5692,38.5905,44.07689856,75.7406
3005,198604,4.9405,97.3929,49.3732,36.62171162,62.9298
3005,198605,14.4168,39.8849,86.5927,32.34522719,55.5812
3005,198606,18.0234,41.0812,104.6,18.63924764,32.0292
3005,198607,20.9842,20.1596,117.8285,13.51638172,23.2262
3005,198608,20.1109,13.5244,103.9981,8.561348879,14.7116
3005,198609,17.3421,91.0442,60.7929,10.97467672,18.8586
3005,198610,11.9965,59.4304,34.1885,11.69000408,20.0878
3005,198611,6.0806,39.971,17.9468,9.856992258,16.938
3005,198612,2.8611,48.6143,10.7278,10.0187731,17.216
3005,198701,1.8114,119.9895,11.888,21.92130366,37.669
3005,198702,3.2259,72.6525,20.5864,39.77713631,68.352
3005,198703,6.8687,19.5839,41.7987,29.61846352,50.8956
3005,198704,10.9469,84.1987,61.7663,48.1686735,82.7718
3005,198705,12.6083,44.9764,81.8043,22.53071695,38.7162
3005,198706,17.641,29.3748,103.5977,15.75512592,27.0732
3005,198707,20.1821,73.3869,103.0164,14.40501244,24.7532
3005,198708,21.5832,6.5051,104.0211,11.32558983,19.4616
3005,198709,18.944,23.9482,72.4426,8.649804589,14.8636
3005,198710,10.7828,131.9298,29.6761,13.03371615,22.3968
3005,198711,5.8681,38.781,15.387,13.15604109,22.607
3005,198712,5.0327,94.5772,11.2991,30.86580543,53.039
3005,198801,4.3322,103.8433,9.3459,40.29448583,69.241
3005,198802,3.6299,29.9927,22.3062,42.34176997,72.759
3005,198803,6.5686,16.7786,43.6366,20.88404407,35.8866
3005,198804,8.7215,129.5262,55.3711,33.27959882,57.1868
3005,198805,11.0426,101.4559,71.8793,55.55670394,95.4672
3005,198806,14.1559,165.0958,83.9076,63.4694164,109.0642
3005,198807,20.3713,12.2692,115.4212,49.54171563,85.1312
3005,198808,21.2703,6.2263,109.9846,22.5472442,38.7446
3005,198809,17.3421,8.2671,69.2027,16.5246906,28.3956
3005,198810,12.9907,56.725,40.2962,15.24685475,26.1998
3005,198811,7.5423,38.0593,19.851,13.103666,22.517
3005,198812,3.1553,15.9742,13.6577,12.87496143,22.124
3005,198901,3.0619,19.0413,16.6015,11.7238733,20.146
3005,198902,4.4548,79.4556,25.4673,11.95781538,20.548
3005,198903,8.4139,49.7185,46.6601,20.29744304,34.8786
3005,198904,7.8867,107.3649,52.7028,32.69823531,56.1878
3005,198905,14.272,124.5198,80.3868,31.02712071,53.3162
3005,198906,18.4402,52.5186,99.2005,42.73469955,73.4342
3005,198907,22.8126,22.4741,122.1209,16.70253313,28.7012
3005,198908,22.352,12.0864,105.077,11.21676603,19.2746
3005,198909,15.5803,21.4132,55.9831,12.26252203,21.0716
3005,198910,12.3538,18.2186,39.0979,10.84967483,18.6438
3005,198911,9.3433,88.6006,16.6439,12.50193439,21.483
3005,198912,6.711,127.1296,10.0143,42.73691094,73.438
3005,199001,3.8862,52.3991,13.6408,27.40439382,47.091
3005,199002,8.6153,10.4303,29.3481,24.18448957,41.558
3005,199003,7.1127,26.659,41.8508,17.77121778,30.5376
3005,199004,7.4816,47.7379,53.8751,15.68564163,26.9538
3005,199005,14.2796,27.1428,85.248,12.53638556,21.5422
3005,199006,19.6772,35.8638,104.1721,9.984554704,17.1572
3005,199007,22.4133,12.0205,119.4853,9.741883446,16.7402
3005,199008,22.1716,41.837,102.8943,9.245134798,15.8866
3005,199009,17.8576,74.2944,61.0134,9.591392349,16.4816
3005,199010,10.6019,93.2192,28.5233,14.51884098,24.9488
3005,199011,5.9615,55.7717,17.5413,26.58850628,45.689
3005,199012,2.0105,40.3081,10.9207,24.62385839,42.313
3005,199101,2.3719,26.7473,10.777,25.26923591,43.422
3005,199102,2.6311,72.3112,20.4071,26.13633465,44.912
3005,199103,7.2528,82.02,36.8704,69.7342921,119.8296
3005,199104,6.9113,78.1691,56.2609,58.67278912,100.8218
3005,199105,9.5674,42.363,71.7623,34.74866195,59.7112
3005,199106,17.5441,31.765,100.8646,24.68624294,42.4202
3005,199107,22.512,31.4844,119.368,23.19820839,39.8632
3005,199108,23.617,11.0147,107.2069,34.05637963,58.5216
3005,199109,17.1798,117.7267,62.177,31.29795813,53.7816
3005,199110,8.5476,79.1228,29.1828,19.95653939,34.2928
3005,199111,5.0893,43.416,16.5528,16.46149132,28.287
3005,199112,4.6141,33.4568,13.5232,21.24508303,36.507
3005,199201,1.714,18.7734,14.8627,14.39674882,24.739
3005,199202,4.9854,22.9176,28.35,11.70175938,20.108
3005,199203,7.9264,39.2891,44.3399,11.45536367,19.6846
3005,199204,10.5925,49.7854,64.5772,32.94614407,56.6138
3005,199205,15.4308,95.471,88.8361,14.51150846,24.9362
3005,199206,14.857,66.8456,88.9858,15.28665982,26.2682
3005,199207,22.5966,17.9264,118.3857,12.13600708,20.8542
3005,199208,22.3701,23.6854,104.6527,10.22338512,17.5676
3005,199209,16.2014,37.5547,63.5228,8.657951826,14.8776
3005,199210,9.5867,115.9357,27.9463,13.63195609,23.4248
3005,199211,9.2353,15.5362,20.9393,17.18892315,29.537
3005,199212,4.8867,61.7561,11.0168,22.16048324,38.08
3005,199301,4.4232,13.3261,17.4821,14.86812464,25.549
3005,199302,3.4997,20.4539,23.6383,11.15065702,19.161
3005,199303,6.2808,43.4967,38.4889,11.23829801,19.3116
3005,199304,7.9889,51.6256,53.1847,10.9823584,18.8718
3005,199305,11.0724,100.6424,64.3301,15.42807257,26.5112
3005,199306,16.2528,59.0758,81.8982,16.51689253,28.3822
3005,199307,21.833,8.0028,104.0811,13.58330545,23.3412
3005,199308,22.3754,8.1274,94.7299,11.38553021,19.5646
3005,199309,14.9556,66.8999,48.9468,10.35199507,17.7886
3005,199310,8.8465,148.928,25.701,23.2067048,39.8778
3005,199311,5.805,39.2976,15.9716,30.0295498,51.602
3005,199312,5.31,23.3858,12.2759,15.6240718,26.848
3005,199401,3.1938,68.3135,11.9146,44.76848255,76.929
3005,199402,5.014,54.0738,21.9861,22.45378376,38.584
3005,199403,9.5108,17.6375,48.3471,22.56703035,38.7786
3005,199404,7.8126,36.0971,57.9032,15.47846905,26.5978
3005,199405,13.6801,51.0852,77.7614,14.67736292,25.2212
3005,199406,18.3456,22.0963,103.688,12.75461511,21.9172
3005,199407,25.4658,9.875,131.1115,11.18336236,19.2172
3005,199408,23.8973,5.5157,111.5045,10.1552975,17.4506
3005,199409,14.8517,30.8448,59.9077,9.05251085,15.5556
3005,199410,11.0041,95.2919,33.8725,8.334506537,14.3218
3005,199411,7.9364,57.2864,20.2888,17.10221328,29.388
3005,199412,3.5984,37.2518,12.8896,12.08176976,20.761
3005,199501,3.2744,38.5162,13.8298,15.65666075,26.904
3005,199502,5.9982,48.1798,24.4948,17.03994511,29.281
3005,199503,6.9335,22.3139,47.0252,15.30493291,26.2996
3005,199504,9.9615,33.6207,64.3367,12.66709051,21.7668
3005,199505,13.9405,71.8025,78.3839,14.21937184,24.4342
3005,199506,17.8903,83.5448,98.0566,12.23435587,21.0232
3005,199507,22.1127,13.7269,123.4142,11.15542898,19.1692
3005,199508,20.0876,51.0913,98.1578,9.562877021,16.4326
3005,199509,14.0,16.77,55.019,8.348356839,14.3456
3005,199510,12.8139,13.4075,40.3641,7.824140366,13.4448
3005,199511,7.8342,82.8792,18.6476,8.698338841,14.947
3005,199512,4.7857,153.6568,10.4255,31.51351073,54.152
3005,199601,4.2715,126.2872,11.4802,92.38442425,158.751
3005,199602,2.5498,60.3672,21.531,51.64125847,88.739
3005,199603,3.9094,42.6059,37.8273,26.71862928,45.9126
3005,199604,8.1622,43.4034,61.9865,25.70907029,44.1778
3005,199605,9.9171,109.1026,71.8238,33.79659917,58.0752
3005,199606,15.9821,42.8844,95.5301,20.40894379,35.0702
3005,199607,20.1132,28.2537,114.0116,15.77258428,27.1032
3005,199608,18.5077,40.4248,95.1228,13.04000116,22.4076
3005,199609,13.6159,33.5809,57.4816,10.68661371,18.3636
3005,199610,9.839,15.7664,36.6811,10.09780129,17.3518
3005,199611,5.2743,105.9887,16.6868,17.80927702,30.603
3005,199612,3.3187,178.7892,8.7367,74.25740502,127.602
3005,199701,2.6555,134.5575,11.5067,129.180254,221.98
3005,199702,5.2618,16.7762,26.2781,47.55774716,81.722
3005,199703,8.081,15.0972,51.2937,25.60478566,43.9986
3005,199704,10.4119,56.7291,65.3905,18.56859946,31.9078
3005,199705,12.259,95.9031,75.0224,16.81484861,28.8942
3005,199706,14.4939,49.657,88.3194,22.81121466,39.1982
3005,199707,18.0826,59.4245,104.0021,15.87675252,27.2822
3005,199708,20.0822,50.1131,95.6254,12.82293551,22.0346
3005,199709,18.2002,33.5216,65.6625,10.46431054,17.9816
3005,199710,12.8032,36.357,38.1798,9.80159105,16.8428
3005,199711,5.9647,134.3821,15.0111,27.21526154,46.766
3005,199712,2.9495,110.5685,10.1321,69.6350122,119.659
3005,199801,3.3342,34.751,13.4614,42.91149458,73.738
3005,199802,5.1534,27.0734,26.9291,27.22806434,46.788
3005,199803,7.1988,25.1209,46.3454,19.03636722,32.7116
3005,199804,5.937,76.0289,46.918,18.90380004,32.4838
3005,199805,11.1681,116.6042,63.9916,31.12372366,53.4822
3005,199806,17.2028,31.5406,97.7718,26.72654374,45.9262
3005,199807,20.7521,10.0057,113.7058,15.39431973,26.4532
3005,199808,21.0556,32.9296,99.4159,12.02450633,20.6626
3005,199809,15.8767,46.5662,55.2902,10.11514327,17.3816
3005,199810,9.7779,37.8452,34.0874,10.17869171,17.4908
3005,199811,4.8503,34.383,17.8359,9.97861886,17.147
3005,199812,2.3396,34.6975,12.73,9.025392191,15.509
3005,199901,2.3894,33.2289,15.1156,9.628869637,16.546
3005,199902,3.2553,44.3829,23.234,8.378850781,14.398
3005,199903,5.0517,53.4461,37.6357,11.29241894,19.4046
3005,199904,8.3656,56.7801,59.2491,9.473955754,16.2798
3005,199905,13.352,54.1671,76.9672,11.37365852,19.5442
3005,199906,16.3285,66.6233,92.1072,10.63226,18.2702
3005,199907,21.2653,43.6138,111.0296,8.891661124,15.2792
3005,199908,20.648,20.549,93.8459,7.772812776,13.3566
3005,199909,15.5014,100.456,54.8229,8.02246738,13.7856
3005,199910,10.8672,111.005,29.3482,23.54306928,40.4558
3005,199911,3.1932,38.0461,15.4151,17.65215174,30.333
3005,199912,2.8263,37.0387,11.0907,17.15575226,29.48
3005,200001,1.019,21.1522,14.0712,14.181429,24.369
3005,200002,4.4813,11.1697,28.6364,10.96967198,18.85
3005,200003,5.794,39.6978,43.151,9.803802443,16.8466
3005,200004,7.0121,126.4355,47.0828,40.57719493,69.7268
3005,200005,13.4906,75.3781,76.3414,32.14503795,55.2372
3005,200006,16.884,41.134,99.0647,14.37475128,24.7012
3005,200007,19.4558,5.7083,105.9554,11.34630709,19.4972
3005,200008,19.8681,4.0367,96.3739,9.091501196,15.6226
3005,200009,16.1382,19.7365,64.4775,7.973002015,13.7006
3005,200010,9.9909,62.4444,34.2974,8.43809283,14.4998
3005,200011,4.4457,92.6939,14.5542,14.34030011,24.642
3005,200012,4.162,113.3806,10.671,35.65288881,61.265
3005,200101,4.0115,123.9512,11.5758,98.97030106,170.068
3005,200102,3.5444,40.3113,23.3718,58.54953307,100.61
3005,200103,7.713,105.2216,33.2801,110.5542747,189.9736
3005,200104,8.4665,22.4847,59.3328,30.14465861,51.7998
3005,200105,11.8207,49.5658,71.8851,21.75149197,37.3772
3005,200106,17.6914,23.2991,107.4776,14.17165231,24.3522
3005,200107,19.7164,21.2398,106.2662,12.96586131,22.2802
3005,200108,21.5325,12.4466,97.2023,11.03519904,18.9626
3005,200109,15.5731,58.8953,60.0736,10.20301703,17.5326
3005,200110,12.6897,78.8933,34.7861,11.04520851,18.9798
3005,200111,3.5311,8.1891,16.4151,9.351863596,16.07
3005,200112,0.7502,19.3033,12.2772,9.066128374,15.579
3005,200201,3.5975,37.6816,14.6803,9.289013486,15.962
3005,200202,4.4399,21.8541,25.2808,8.353827127,14.355
3005,200203,5.9981,76.345,39.6552,13.6510439,23.4576
3005,200204,8.4913,61.9155,60.0075,15.93471429,27.3818
3005,200205,10.8838,68.6086,69.3479,15.56250197,26.7422
3005,200206,17.3878,76.405,97.428,9.978735249,17.1472
3005,200207,19.8594,5.6904,108.1245,8.935307034,15.3542
3005,200208,19.2362,52.8535,89.4011,8.371052712,14.3846
3005,200209,15.2436,45.2714,57.357,7.424227443,12.7576
3005,200210,10.834,92.9855,32.9773,9.166106604,15.7508
3005,200211,6.4571,90.3434,15.5345,20.64218753,35.471
3005,200212,4.7953,77.7766,10.0918,35.06919751,60.262
3005,200301,2.3396,100.9007,11.6658,62.60685684,107.582
3005,200302,2.8896,74.672,20.224,33.68009369,57.875
3005,200303,6.5631,83.3064,44.1986,39.14083714,67.2586
3005,200304,8.5934,45.2222,56.599,36.96738723,63.5238
3005,200305,13.5377,73.3914,83.2444,35.60353984,61.1802
3005,200306,19.3427,39.1437,104.9159,17.50561787,30.0812
3005,200307,21.5443,4.1175,117.0987,13.25857988,22.7832
3005,200308,22.5407,20.9447,104.2347,11.70443633,20.1126
3005,200309,16.3243,56.5158,61.25,10.55509404,18.1376
3005,200310,9.8921,154.8402,27.7872,13.61857134,23.4018
3005,200311,6.4919,60.3035,17.0407,27.06104599,46.501
3005,200312,3.1657,28.0337,11.0304,24.16819509,41.53
3005,200401,3.8811,32.6071,14.5966,15.85219442,27.24
3005,200402,3.5453,73.1786,24.4365,15.52863274,26.684
3005,200403,3.9919,73.1593,32.6901,25.52913275,43.8686
3005,200404,7.3525,97.4877,54.4617,43.07606875,74.0208
3005,200405,10.395,94.961,66.2848,66.07013068,113.5332
3005,200406,18.1458,37.9231,104.1756,25.00165739,42.9622
3005,200407,20.379,40.327,111.0272,16.17761833,27.7992
3005,200408,20.3523,17.4941,95.1571,13.12147353,22.5476
3005,200409,17.5611,36.1789,69.0472,10.6109608,18.2336
3005,200410,11.7925,88.5864,31.662,10.47432001,17.9988
3005,200411,5.3012,31.9832,18.6045,10.43719189,17.935
3005,200412,2.7586,35.0043,10.0102,10.66415062,18.325
3005,200501,1.7742,11.6079,15.325,9.257588431,15.908
3005,200502,1.4163,33.943,19.3062,7.775373336,13.361
3005,200503,5.1201,31.0889,39.9181,8.787725664,15.1006
3005,200504,8.9187,28.7902,58.3981,8.612094523,14.7988
3005,200505,13.8013,37.0451,81.7003,8.655391266,14.8732
3005,200506,19.2173,53.943,107.2387,7.352415373,12.6342
3005,200507,21.8814,3.0626,115.5671,7.670739542,13.1812
3005,200508,20.9826,5.0005,98.5268,7.112304675,12.2216
3005,200509,15.4012,27.8284,60.0824,6.578660685,11.3046
3005,200510,11.751,67.9371,32.8062,7.17061561,12.3218
3005,200511,4.5544,67.5965,15.1882,7.633960588,13.118
3005,200512,2.0802,67.346,10.7994,12.03288635,20.677
3005,200601,1.5273,27.9994,12.2322,11.43522836,19.65
3005,200602,2.4779,65.4352,21.7065,9.045760282,15.544
3005,200603,5.6667,55.9253,36.2807,30.81203367,52.9466
3005,200604,9.8688,51.5425,61.959,16.64701554,28.6058
3005,200605,14.3262,19.8369,82.5772,12.41417701,21.3322
3005,200606,17.7863,97.4835,101.9828,10.41286656,17.8932
3005,200607,22.5533,38.4009,114.6152,10.22489818,17.5702
3005,200608,18.7545,11.3469,91.53,8.611396189,14.7976
3005,200609,15.4012,87.4735,56.4946,8.49966266,14.6056
3005,200610,12.3884,71.2385,33.6019,12.10900481,20.8078
3005,200611,8.0019,55.8744,17.469,12.7376223,21.888
3005,200612,0.7703,37.2557,10.6491,17.65447952,30.337
3005,200701,2.646,18.4979,14.8379,11.27053779,19.367
3005,200702,4.8894,82.9293,21.4999,23.05376953,39.615
3005,200703,4.3816,44.6731,35.7021,19.40997621,33.3536
3005,200704,8.6153,93.3504,56.3097,39.38537063,67.6788
3005,200705,11.9294,75.1896,73.1267,28.01846267,48.1462
3005,200706,16.1351,32.0655,91.9683,17.23035767,29.6082
3005,200707,20.7073,3.6534,116.4786,13.17070612,22.6322
3005,200708,19.7242,7.0276,97.9901,10.61910804,18.2476
3005,200709,16.6573,20.8817,63.3516,8.864542465,15.2326
3005,200710,10.3006,39.4913,34.5363,8.851856054,15.2108
3005,200711,5.7716,37.3447,21.4,8.54703302,14.687
3005,200712,2.9639,12.5756,12.5319,8.357900745,14.362
3005,200801,6.0484,41.5829,19.0548,8.914240608,15.318
3005,200802,5.0256,48.4255,26.2051,8.274100598,14.218
3005,200803,5.2601,26.3379,39.7854,8.576479461,14.7376
3005,200804,8.9559,165.4053,59.9064,39.58206819,68.0168
3005,200805,11.3262,126.1156,65.4905,30.92353442,53.1382
3005,200806,16.0958,60.3513,90.2663,29.92782573,51.4272
3005,200807,20.8731,4.9068,113.5446,16.29691714,28.0042
3005,200808,21.3628,14.5665,102.1161,11.94885342,20.5326
3005,200809,15.4602,34.2146,57.8908,10.38923958,17.8526
3005,200810,10.6406,124.3967,32.1753,11.08827247,19.0538
3005,200811,4.372,41.9918,15.7753,18.5489297,31.874
3005,200812,2.4373,54.9742,10.4972,22.61440071,38.86
3005,200901,0.699,66.8448,10.5654,30.96590005,53.211
3005,200902,3.3276,39.6215,24.7067,44.30118034,76.126
3005,200903,6.9417,25.4051,46.8973,26.53822619,45.6026
3005,200904,7.6221,57.8425,60.8198,30.60730526,52.5948
3005,200905,15.0979,25.1343,97.0888,19.87879147,34.1592
3005,200906,18.7012,7.9815,107.932,14.93109114,25.6572
3005,200907,22.4654,2.2949,126.1636,12.65568438,21.7472
3005,200908,23.645,1.3992,109.1962,11.515886,19.7886
3005,200909,17.6697,38.9397,61.6814,9.560549239,16.4286
3005,200910,13.3916,16.6828,43.2581,8.8780436,15.2558
3005,200911,7.5922,20.4632,20.5421,8.003495958,13.753
3005,200912,2.873,184.9745,10.7123,34.71653856,59.656
